-3.8489172
-2.2551846
-2.0380828
-1.8970823
-1.7890811
-1.6992663
-1.623042
-1.5562198
-1.4963882
-1.4414076
-1.3901963
-1.3426682
-1.2988313
-1.2567426
-1.216939
-1.1791219
-1.1428116
-1.1077953
-1.0742594
-1.0410548
-1.0093334
-0.97862723
-0.94842435
-0.9190952
-0.89032662
-0.86186551
-0.8340764
-0.80708298
-0.78049928
-0.75432653
-0.72867581
-0.70328093
-0.67808714
-0.65307625
-0.62829972
-0.60385531
-0.57974764
-0.55560178
-0.53180399
-0.50793657
-0.48451679
-0.46106216
-0.43760715
-0.41434421
-0.39108941
-0.36798589
-0.34472766
-0.32149552
-0.29851618
-0.2753219
-0.25194522
-0.22866372
-0.20512621
-0.18174882
-0.15828093
-0.13465012
-0.11092283
-0.087160911
-0.06311486
-0.038511173
-0.014294685
0.010349806
0.035463977
0.060463386
0.085946849
0.11134998
0.13677999
0.16305829
0.18985725
0.21675115
0.2439476
0.27186681
0.30026952
0.32909845
0.35815457
0.387968
0.418654
0.44970225
0.48164182
0.51441956
0.54801134
0.58247746
0.61841015
0.65533863
0.69348188
0.73252918
0.77404392
0.81736411
0.86265093
0.91069797
0.96172537
1.0160798
1.0746785
1.1380585
1.2081528
1.2878259
1.3790404
1.488144
1.6303884
1.8463854