0.215297
0.129178
0.127431
0.04419
1.705525
1.557027
1.137531
0.122601
0.064332
1.180796
0.26514
-0.103384
-0.035249
1.023767
0.420113
0.004008
-0.004625
1.229816
0.065668
-0.006269
0.003186
-0.007296
0.030933
0.245819
0.32382
0.12774
-0.014593
0.104
0.469852
0.316523
0.007708
-0.003597
0.165661
-0.031036
0.308816
0.238934
0.027747
-0.008632
-0.036277
0.55669
0.017676
0.004727
-0.074506
-0.124246
0.479923
-0.01449
-0.028261
0.06834
0.058783
0.220539
0.104823
-0.033091
0.32793
0.281685
0.076562
-0.000617
0.020759
-0.015826
2.2839
0.090846
0.012127
0.010174
0.053953
0.161447
0.028467
0.38363
0.409528
0.123526
0.860881
0.032577
0.069265
0.091771
2.504335
0.11253
0.006577
7.45484
0.153945
-0.158056
0.128151
0.040182
0.343859
0.64322
1.950317
0.195669
0.051692
-0.032886
0.050253
0.522263
0.16453
0.804462
0.070498
-0.006269
0.042957
0.405314
0.014696
0.240475
0.032269
0.181281
0.911443
0.39699
0.074198
0.793672
0.09989
0.034735
0.50952
0.071526
0.337077
0.032372
0.124965
0.011613
0.174807
0.172443
0.01264
0.014593
0.10955
0.024048
0.009968
0.009557
0.125787
0.296381
0.15672
-0.006474
0.025795
0.355266
0.026514
-0.018498
0.246539
0.067415
0.070807
-0.004419
0.089202
0.072656
0.517844
0.219511
-0.006474
0.431109
0.212317
1.078748
0.088688
0.151068
0.086633
0.265653
0.071012
0.227835
0.426381
0.024253
0.390927
0.321764
0.322484
0.075637
2.883546
0.026617
-0.000719
0.006269
0.441488
0.250238
0.000411
0.094135
0.349717
0.091257
0.632224
0.136269
0.417441
0.583307
0.106672
0.12589
0.066079
0.284357
0.097526
0.192483
2.057195
0.05385
0.458342
0.045423
0.042032
0.289495
0.010277
-0.403567
0.508492
0.060222
0.65843
0.571489
0.023945
0.019423
0.092285
0.071012
0.126815
0.0223
0.050973
0.338207
0.256404
0.220539
0.120135
0.168024
0.114997
0.063921
0.239756
0.425045
0.033091
0.010585
0.098348
0.390002
0.022198
0.138941
-0.015518
0.008427
0.140688
0.185187
0.015723
0.243558
0.003597
0.055494
0.047787
0.446935
0.084577
0.06238
0.083755
0.151582
0.082625
0.08951
0.513425
0.454848
0.011304
0.195463
0.104514
0.671276
0.168847
0.244894
-0.12291
0.009352
0.668398
-0.009352
0.064332
0.0854
0.514967
4.871374
0.018704
0.631094
0.387535
0.248388
2.602067
0.763766
0.042957
0.049842
0.021478
0.264523
-0.049534
0.714644
0.036277
0.095265
0.001953
0.062996
0.227116
0.138427
0.021581
0.48352
0.285899
0.226705
0.475915
0.181281
0.526271
0.207898
-0.025897
0.020862
0.129076
5.574096
0.008941
0.014593
0.02415
1.612007
0.045629
0.489994
0.099479
0.057036
2.660644
0.464405
0.338926
0.295867
0.032886
0.032269
0.069265
0.037099
0.277266
0.032988
-0.149732
0.281377
-0.049739
-0.003083
0.126712
0.091668
0.422579
0.035969
0.418879
0.654936
-0.008735
0.134317
0.051897
0.050048
0.080056
0.202451
0.025178
0.248286
-0.241914
0.079234
0.014285
0.206562
0.458034
0.08766
0.005138
-0.10657
0.009352
0.170285
0.084269
0.003289
0.042135
0.268736
-0.006783
0.042237
1.740672
-0.031858
0.198341
-0.211187
0.064846
0.226499
0.192278
0.033297
-0.023534
0.000617
0.099376
0.105542
0.342318
0.051692
0.072759
-0.039874
0.031447
0.094238
-0.002877
0.097218
-0.0037
0.114483
0.046759
0.030111
0.137605
0.004522
0.058064
0.015826
0.856257
0.07389
0.032577
0.023739
0.07985
0.070807
0.12702
0.54703
0.031755
0.020245
-0.044704
0.040388
-0.032988
0.09989
0.03083
-0.002775
0.036893
0.004419
0.011202
0.235234
-0.005549
0.214167
0.371093
0.044704
0.22691
0.03083
-0.028158
0.018395
0.40182
0.088894
0.247258
0.050664
0.107186
0.084269
0.032886
-0.017573
0.017368
0.120854
0.02487
0.018704
0.326183
0.028672
0.026
0.22691
0.072143
0.233076
0.332863
0.027542
0.236467
0.188372
0.324231
0.106672
0.723173
0.804668
1.543975
0.062277
0.000206
-0.062585
-0.026514
0.016237
0.182412
0.251471
-0.0037
-0.012846
-0.001953
-0.013257
0.014182
0.010585
0.020656
-0.03453
-0.169463
0.068649
0.00781
0.01264
0.047273
-0.000719
0.026
0.532643
0.097012
0.020451
0.180768
-0.030625
0.010996
0.070601
0.134317
0.050459
0.349717
0.30491
0.633355
0.217558
0.165764
0.168024
0.147368
-0.127842
0.85636
0.01264
0.052411
0.143771
0.025486
2.122144
0.756778
5.216569
4.702938
0.002364
0.100404
0.142949
0.140277
3.291327
5.262608
0.732114
0.138941
0.012435
0.413947
0.201013
0.235851
0.017882
0.12887
-0.226191
-0.011304
-0.000103
0.023945
-0.045218
0.207487
0.344065
0.008632
-0.058783
2.810993
0.61722
-0.004419
0.011921
0.053953
0.018087
0.023945
0.100301
0.009352
-0.028569
0.155281
0.034119
0.00113
0.358041
0.292784
1.3332
0.234823
0.017573
0.038538
0.074301
0.058269
0.046656
0.14819
0.075739
0.072451
0.016648
0.160009
0.145724
0.08766
-0.013051
0.182515
0.045834
0.081289
0.021684
0.627189
-0.014798
0.02898
0.282918
0.22876
-0.019731
0.026617
-0.025692
0.362666
0.18344
0.525243
0.080467
0.126609
-0.244381
0.038229
-0.010688
0.045526
-0.122499
-0.127329
0.000411
0.025178
0.091771
1.313468
0.301827
1.001056
0.298231
0.291653
0.010585
0.187653
-0.042854
0.008427
0.178404
0.215195
0.0297
0.1634
-0.023739
0.809909
0.132878
-0.001028
0.098862
0.021684
0.084372
0.126301
0.044601
-0.142333
0.090846
0.076459
-0.005447
0.045937
0.12034
0.054467
0.143463
0.422887
0.141613
0.018704
0.651955
-0.003494
-0.128459
0.122088
0.092079
0.386199
-0.006474
0.301622
-0.003186
0.749687
0.29782
0.136886
0.601394
1.45169
0.13072
3.761076
0.317243
6.284937
0.251471
0.178712
0.151273
0.207487
0.186317
0.280863
0.120751
-2.238769
0.61422
0.844129
0.65259
-0.03642
0.859416
-0.14445
-0.232064
0.070481
0.069455
0.108953
0.045141
0.916047
0.60355
0.094488
0.029034
0.00554
0.362459
0.091205
0.424117
0.020211
0.043089
0.046885
0.137166
0.109158
0.037651
0.012414
0.042371
0.323371
0.115416
0.084126
0.062992
0.092743
0.068839
0.040729
0.37005
0.009746
0.077662
0.061658
1.033925
1.947407
0.088948
0.733227
0.166405
0.842385
0.020416
0.020416
0.075303
0.428836
0.279564
0.923228
0.042063
3.130296
0.106901
0.278128
0.148041
0.031393
0.128035
0.033753
-0.132857
0.14168
0.409754
0.022263
-0.064941
0.103516
0.003591
-0.005232
0.054579
0.038882
0.317523
0.000616
0.78083
0.12742
0.029136
0.09223
0.0475
-0.050783
0.132549
0.061453
-0.152863
0.195336
0.068634
0.052014
0.170816
-0.052014
-0.029649
-0.014876
0.014055
0.162814
0.032624
0.028726
0.48126
0.005643
0.159634
0.742563
0.146707
0.100643
0.040011
0.008926
0.084228
0.070378
0.041345
0.078996
0.07756
0.066172
0.080022
0.597908
0.383387
0.049757
0.040729
0.061863
0.178921
0.10013
0.648076
0.17215
0.272793
0.04196
0.07243
0.152965
0.16661
0.199439
0.05304
0.165071
0.289413
2.246053
0.128651
-0.037241
0.113057
0.096745
0.134191
0.016004
0.119007
3.286647
0.166097
0.056734
0.295261
0.037446
0.014773
0.049757
0.140244
0.259969
0.101772
0.095206
0.228063
0.175638
0.021134
0.040114
0.117468
0.408933
-0.054784
0.1583
0.09777
0.126496
-0.017851
0.319165
-0.030367
-0.020005
-0.021237
0.026264
0.081766
-0.16425
-0.048116
0.078483
0.108543
0.565489
-0.010054
-0.035087
-0.387389
0.979654
-0.071404
0.072225
0.050886
-0.055502
0.078483
0.046577
0.049962
0.373949
0.097976
-0.040934
2.011425
0.1306
0.057965
1.126463
-0.039293
0.073456
0.03601
-0.029649
0.028008
0.432939
0.077868
0.006361
-0.013337
-0.01108
0.034574
0.027187
-0.060016
-0.010157
0.033753
0.022878
-0.054579
-0.088948
0.070584
0.189591
-0.052219
0.162096
0.429246
-0.004001
0.140757
0.084946
0.050783
0.255044
0.354046
0.008823
0.032214
0.069558
1.044697
0.083613
-0.331476
0.264791
-0.146604
0.040319
0.126599
0.030675
0.726353
0.038164
0.21688
-0.010157
10.586704
0.193079
-0.174817
0.145886
0.034984
-0.015697
0.146297
0.103003
0.134191
0.351892
0.196977
-0.056118
0.064223
2.120788
0.003488
0.268689
0.1385
-0.03878
0.116442
0.06371
0.022057
-0.003693
0.040421
1.66969
0.445764
0.023391
0.149682
0.04986
1.102457
0.618426
0.935642
-0.023904
0.084023
0.070378
0.046679
0.099925
0.118084
0.027392
0.104439
0.058067
0.341017
0.135114
0.012721
0.672493
-0.003899
0.729226
0.030573
0.088845
0.046782
0.035702
0.109363
0.01939
-0.051091
0.090281
0.419295
0.239963
1.732784
0.032214
0.147528
0.890912
0.061966
0.076226
0.085767
0.129471
0.134088
1.046236
0.127009
0.190924
-0.027597
0.137987
0.06371
-0.006874
0.173073
0.554409
0.580878
0.907326
0.1662
0.263765
0.063299
-0.034676
0.193386
0.127933
0.045448
0.03642
0.112133
0.01426
0.348403
0.166815
0.251043
0.067301
0.002975
-0.052527
0.015799
0.108543
-0.058478
0.027392
0.612989
0.362048
0.100027
0.018672
0.193899
0.121264
0.067198
0.058375
0.087511
0.341427
0.057554
0.090794
0.068532
0.064018
1.252344
0.069968
0.013337
0.170816
0.096437
0.042371
0.636175
-0.09223
0.229499
-0.059914
0.631763
0.01426
0.398879
0.118084
-0.018877
0.058067
0.079304
0.135627
-0.00277
0.322448
0.024417
0.677827
0.770776
0.070686
1.121847
0.239861
0.119007
1.17581
0.06925
-0.038575
0.093256
0.379592
0.043191
0.109261
0.046679
1.147905
0.039601
0.006874
0.063197
0.376616
0.270638
-0.094077
0.013645
0.446995
0.149887
0.284181
0.048321
0.025033
0.064223
0.030983
0.08392
0.172047
0.078893
0.183948
0.595241
0.204877
0.04432
0.003591
0.154607
0.179331
0.009746
0.472027
0.601909
0.338042
0.165892
0.065249
0.032727
0.062786
0.177485
0.31106
0.174407
0.009746
0.054374
0.061966
0.370563
0.018056
0.024212
0.01662
0.028623
0.017338
0.087819
0.466487
0.016004
0.002873
0.012516
0.110594
0.246324
0.285001
0.287874
1.133029
0.024007
0.095308
0.977705
0.018774
0.465564
0.024109
0.089153
0.012927
0.024212
0.516142
0.047295
0.107312
0.015389
0.421039
0.053553
0.052219
0.057144
0.8667
0.254326
0.017646
0.216983
7.143194
0.202415
0.080638
0.020313
0.062889
0.03324
0.070789
0.095411
0.018261
0.006463
0.065351
0.354969
0.055913
0.095
-0.028315
0.084331
-0.022673
0.121059
0.06689
0.022263
0.087922
0.447713
0.070481
0.069865
0.106491
0.044422
0.187744
0.167841
0.375283
0.197285
0.066172
0.031804
-0.008207
-0.095
0.048834
0.460639
0.051296
0.190309
0.457562
0.281308
0.091307
0.210725
0.185692
-0.03837
0.129779
0.318549
0.118392
1.016279
0.027392
-0.161378
0.130908
0.024109
0.110492
0.0554
0.035702
0.116237
0.265304
0.092128
0.057554
-0.002257
0.098078
0.021339
0.02257
0.10567
0.115929
0.087101
0.882909
0.081048
-0.042165
-0.117058
0.01385
0.11993
0.310342
0.110082
0.309418
0.034368
0.06412
-0.025135
0.004411
1.020691
0.034574
0.893169
0.255147
1.619317
0.121059
0.248786
0.047295
0.025956
0.093462
0.020826
0.063094
-0.018569
0.265509
1.235929
0.008413
0.064223
3.595552
0.104747
0.048116
0.020108
0.600473
-0.062068
0.110594
0.107209
0.018159
0.299467
-0.003591
0.489468
0.171124
0.049655
-0.070378
1.416287
0.14722
0.079304
1.817423
0.510807
0.038164
1.040183
-0.017748
0.306546
0.14404
0.028213
-0.026777
0.097873
0.068634
0.414268
0.850182
-0.006976
0.203748
0.017646
0.200158
0.190514
0.039498
0.183332
0.028931
0.150195
3.675369
0.102079
0.026777
0.066275
0.054682
0.368512
0.375488
0.625813
0.096847
0.208057
0.154196
0.035805
0.084126
0.039703
0.048834
1.26722
-0.024314
0.007694
0.033445
0.576056
0.018261
0.222523
0.050168
0.067506
0.025238
-0.042576
0.060016
0.065044
-0.061248
-0.020929
0.585084
0.071096
-0.049039
0.092641
-0.028726
-0.049142
0.007181
-0.003796
0.091205
0.415191
4.866466
0.219855
0.02534
0.090794
0.043807
0.048321
0.052527
0.081151
0.072635
0.339991
0.070584
0.0277
-0.003283
0.034574
-0.011901
0.079714
0.204364
0.196156
0.069763
0.17533
0.010977
0.066275
0.038677
0.095206
0.134191
-0.003591
0.043294
0.186513
0.052527
0.46105
-0.034266
0.042576
0.165071
0.026264
0.148246
0.477772
0.126086
0.017543
0.424835
0.143219
0.02452
0.572773
0.058478
0.058683
0.042576
0.135011
0.038267
0.113057
0.018569
0.103516
0.212571
0.168149
0.114596
0.417858
0.262841
0.234423
0.754259
0.097257
0.477259
0.440737
0.06648
0.728405
0.095
0.033035
0.226421
0.255147
0.10013
0.012721
0.27269
0.264791
0.171329
0.03642
0.079099
0.012003
-0.152452
0.073251
0.343787
0.530607
-0.021339
-0.012824
-0.044525
0.04114
0.037857
0.023288
0.100746
-0.007387
0.616785
0.023699
0.652795
0.252172
0.051091
-0.057759
0.000513
0.024827
0.091718
0.244683
0.104542
0.028623
2.45883
-0.060837
1.000788
0.082587
0.365536
0.017338
-0.070276
0.210827
0.270946
-0.024417
0.15235
0.12742
0.054784
0.069865
1.172835
0.176459
0.653923
0.102387
-0.099002
-0.103413
0.055502
-0.036112
-0.008823
0.005027
0.615759
0.122085
0.020211
0.049757
0.062171
0.25843
-0.031085
-0.004617
0.008926
-0.011285
0.031188
-0.007079
0.284078
-0.005643
0.082997
0.154607
0.124342
0.070071
0.097976
0.024212
0.038164
0.049142
0.281616
0.099412
0.111928
0.238732
7.335657
1.284045
0.004104
0.207852
0.09182
0.242733
0.436325
-0.002462
0.381438
0.09459
0.031291
0.281924
0.004617
0.165584
0.789037
0.0277
0.888654
0.030367
0.167431
0.053143
0.46146
0.134396
0.298031
-0.185384
0.274845
0.093359
0.016312
0.118084
0.316395
0.103208
0.610629
0.073866
0.026777
-0.001641
0.776624
-0.028213
0.030162
0.0198
0.049039
0.174817
0.061145
0.003488
0.076431
0.045654
0.082895
0.177074
0.039498
0.031085
0.817148
0.099822
0.028315
0.091102
0.09972
0.012106
-0.036831
0.000718
0.034676
-0.027187
0.030573
0.0475
1.743659
0.050373
0.033753
0.790474
13.646109
-0.046269
0.638842
-0.012619
0.060324
0.151426
0.014363
0.035805
0.049552
-0.047192
0.009131
0.102387
0.100233
-0.003899
0.015081
0.040114
0.036933
0.031393
0.127933
1.229158
0.317523
0.032624
0.079612
2.977741
0.006258
-0.059298
-0.004719
0.007079
0.032009
-0.00041
0.014466
0.02175
0.2533
0.499317
0.392005
0.091205
0.02534
0.057349
0.214931
0.087614
0.010362
0.065556
0.011183
-0.268997
0.026366
0.01108
0.04155
0.026674
-0.00513
0.108132
0.142398
0.010567
0.173791
0.126907
0.13378
0.018159
0.125983
0.253506
0.083408
0.117571
0.041652
0.018774
0.013234
0.042473
0.018672
-0.007694
0.064736
0.029034
0.213495
0.038575
0.097463
0.005335
0.123829
-0.021237
-0.001949
0.0277
-0.015594
0.083818
0.063915
0.033855
0.13296
0.025648
-0.040114
0.001026
-0.011696
0.236988
-0.017441
0.040319
0.038575
0.102797
0.111518
0.053758
0.031804
0.0079
-0.009028
0.42463
0.455099
0.270638
0.047808
-0.00831
0.014158
0.061453
-0.379694
-0.254839
-0.017236
0.062786
0.015799
0.068429
-0.045038
0.150605
0.045859
0.004822
0.023186
-0.009131
0.04473
0.003796
0.290131
0.006874
0.076534
-0.000308
0.094795
0.008515
-0.009746
0.741024
0.015902
0.151118
0.001641
0.056221
-0.02493
0.058888
0.182512
0.008515
0.02452
0.261405
0.041345
0.214418
0.037754
0.007387
-0.002462
0.039498
1.222285
0.829561
0.101874
-0.006053
-0.004822
0.051399
0.080638
-0.023494
0.266843
-0.015799
0.107209
0.070789
0.195336
-0.012824
0.048526
-0.001026
0.828741
-0.035394
0.078073
0.202312
0.241605
0.109671
0.221702
0.521887
0.163737
0.057247
0.082997
0.050681
-0.027597
0.026366
0.021237
-0.027187
0.094282
0.168559
1.3535
0.708195
-0.029752
0.072738
-0.059811
1.057316
-0.028726
0.309008
-0.829356
0.115211
-0.029957
0.025443
0.055092
0.09182
-0.072122
0.09972
0.094282
0.08351
-0.017133
2.235897
-0.13378
-0.014158
0.301108
0.397237
-0.143937
0.535737
0.979962
0.628686
0.031701
0.044012
0.03601
0.243349
-0.029752
0.172458
0.14168
0.191848
0.232372
0.22478
0.046987
0.006156
-0.06412
0.015286
0.729636
-0.037138
0.036831
0.537071
0.117366
0.089871
0.159018
