0.190119
2.208057
1.601628
2.088128
0.301827
0.918225
-0.006885
0.029083
0.146649
0.059297
-0.014182
-0.037407
0.409116
0.015107
-0.018087
0.017368
0.01521
0.012332
0.149013
0.069985
-0.035866
-0.065257
-0.063613
-0.028467
0.176862
0.159803
0.1114
-0.007605
0.02117
0.405828
-0.017573
0.383116
0.053439
0.080158
0.096704
0.43748
0.02004
0.368523
0.035146
3.444861
0.346737
0.232665
0.29227
0.131028
0.097526
0.450326
0.012435
0.017984
0.116127
0.012538
0.112633
0.174807
-0.000206
0.000822
0.010996
-0.008221
0.318476
-0.069162
0.267811
0.195155
0.098143
0.24623
0.053131
-0.002055
0.095779
0.521749
0.598722
0.008427
0.020759
0.142024
0.601291
0.030316
0.069779
0.07985
0.139969
0.049123
0.19906
0.079131
0.035249
-0.021992
0.07872
0.523394
0.159906
1.89657
0.034016
0.394523
0.047067
0.048609
0.046554
0.05385
0.076151
0.222388
0.304499
0.230815
0.292476
0.108522
0.048403
0.614445
0.026617
0.224444
0.114277
0.038332
0.11325
0.100712
0.35095
0.109344
0.139455
0.053131
0.094854
1.688877
3.501794
2.149994
0.201116
-0.009352
0.005549
-0.001747
0.240167
0.424018
-0.88647
0.038949
1.576244
0.018704
0.068751
0.023534
0.097218
1.46392
0.011613
0.010585
0.023534
-0.135858
0.026308
0.091463
0.021273
0.224238
0.166175
0.609102
0.00185
0.009352
0.032783
0.043779
0.038949
0.010791
0.018293
-0.003289
0.105748
0.034427
0.156926
0.064949
0.082522
0.095574
-0.03268
0.17121
0.279013
0.371298
0.32125
0.282815
0.505512
0.016751
0.09136
0.306657
0.042546
0.018806
0.053028
0.108008
1.772941
0.101431
0.12034
0.15487
-0.060222
-0.005652
0.166688
-0.000925
0.079439
-0.030214
0.061558
-0.011202
-0.157645
-0.034838
0.011407
0.032988
0.293606
0.209851
0.01521
0.118696
0.231432
0.515892
0.046759
0.093313
0.069368
0.143463
0.232151
0.037305
0.159186
-0.015621
-0.005447
0.057858
0.077487
0.221772
0.06721
0.226396
0.160317
0.057344
0.077487
0.087455
-0.346839
0.046245
0.09917
0.028878
0.05272
0.05868
0.073787
0.207179
-0.034941
-0.026411
0.008324
-0.000411
0.097115
0.116641
0.460911
0.016134
0.019834
0.184878
0.036791
0.217661
0.152507
0.02117
0.275622
1.148321
0.002158
0.407678
-0.018601
0.042854
0.040079
-0.028158
0.054056
0.234823
0.379519
0.648667
0.039052
0.091257
0.032988
-0.191147
0.075328
0.002569
0.078514
0.193511
0.155281
-0.003083
0.055905
0.048301
0.034221
0.04604
0.055083
0.030727
-0.085605
-0.050664
0.002672
-0.025486
0.238728
-0.000308
-0.009249
0.014387
0.166483
-0.015107
-0.012538
-0.002672
-0.006885
0.044498
0.158775
0.020245
-0.033502
-0.168847
0.131028
0.326492
0.393804
0.046759
0.639212
0.238009
0.079131
0.492358
0.015929
0.010996
0.033605
0.038743
-0.006372
0.408808
0.099479
0.015518
0.40552
0.125171
0.109242
0.101431
-0.116435
-0.251369
0.119107
-0.037613
0.112941
0.244689
-0.026308
0.165558
0.108831
0.086736
-0.019526
0.454951
0.109139
0.039052
0.113661
0.261645
-0.172546
0.004727
0.017573
0.073273
0.164428
2.26088
0.325772
0.014901
0.038949
0.366263
1.190764
0.117977
0.352594
0.728209
0.814685
0.10803
0.290849
0.610322
-0.097873
0.700192
0.037446
0.035702
0.396211
0.026366
0.169175
0.065351
-0.007592
0.899632
0.058272
0.128548
0.160352
0.012516
0.070378
-0.019493
-0.00236
0.027187
0.107517
0.063094
0.377232
0.05263
0.154812
0.130805
0.272177
0.078278
0.032932
0.023494
0.093154
0.063607
0.068839
0.084639
0.132754
0.100951
0.062376
0.019903
-0.012311
-0.293722
0.350558
0.049962
0.596985
0.016107
-0.030573
0.012721
-0.274434
0.567438
0.305109
0.312291
0.944978
0.069045
0.610219
0.329834
-1.200125
0.035087
0.075611
0.071199
-0.013747
-0.070173
-0.042781
0.009849
0.021955
0.00595
0.181383
0.25802
0.134293
0.079612
0.222625
-0.010054
0.083613
0.077662
0.081253
-0.002052
0.005643
0.523836
1.981468
0.420115
0.038882
0.311778
-0.006566
0.188257
0.076534
0.078791
0.858698
0.140551
0.057759
0.34471
0.287361
0.057657
0.47213
0.297928
0.103003
0.081253
0.015286
0.055502
0.378668
0.667671
0.392723
0.505472
0.149169
0.026674
0.107209
0.321216
0.135524
0.082074
0.319985
0.043191
0.260584
0.088537
0.121777
0.050988
-0.068224
-0.062479
-0.064633
0.093154
0.153581
0.09736
0.116955
0.081253
0.015389
-0.104131
0.051399
0.0079
0.025238
-0.529376
0.040114
0.017133
-0.024212
-0.015697
0.059811
0.137884
-0.231243
0.246016
0.011901
-0.10885
0.542303
0.006976
-0.12229
-0.127214
0.039293
-0.903736
-0.01426
-0.999249
-0.22837
-0.132344
-0.028315
0.005437
-0.006976
-0.020416
0.068532
0.263047
0.054066
0.048013
0.092538
0.025956
0.048526
-0.01939
-0.064018
0.018056
-0.091512
0.148451
0.036112
-0.016928
-0.058478
3.107521
0.070071
0.031701
-0.009644
-0.012414
0.032624
0.028521
0.312599
0.072738
-0.012208
-0.231038
-0.009849
-0.014876
-0.017441
0.446071
-0.025751
-0.03283
-0.079201
3.090388
0.192155
0.119315
-0.097052
-0.000513
0.414883
0.044833
0.042576
-0.078278
0.020826
-0.000821
0.047603
0.14127
0.097668
0.131523
0.213495
0.0752
0.052014
0.086178
0.205287
0.27741
0.268176
0.129984
0.295979
0.138602
0.118289
0.058888
-0.020724
-0.18087
-0.168764
-0.059196
0.063094
-0.066275
0.143834
0.096642
0.072635
0.08669
0.151221
0.25884
0.064531
0.049449
0.796629
0.017543
-0.087511
-0.116853
-0.046577
-0.001949
0.037241
0.006258
-0.03006
0.047295
-0.004924
0.347993
0.064838
-0.025751
0.074995
0.21134
0.040319
0.061658
-0.026674
0.006053
0.0475
0.262226
0.032419
0.512243
0.047398
-0.012927
0.02534
0.128856
0.309624
0.555845
0.111415
-0.003283
0.137166
0.034163
-0.048937
0.02175
0.119315
0.10526
0.157992
0.44484
0.64151
0.123521
0.168764
0.254839
0.106901
0.392108
0.14168
0.257301
0.338042
0.012106
0.079099
0.132344
0.463717
0.220471
0.067301
0.050886
0.112852
0.012208
0.620273
0.024417
0.621709
0.479722
0.88332
1.024179
0.025135
0.184153
0.322858
0.47295
0.088127
0.091615
-0.001026
0.036933
0.108748
0.001539
-0.029854
0.083202
-0.017851
-0.027803
0.247453
0.027084
-0.00318
0.135319
0.093564
0.523426
0.306751
0.020724
0.223651
0.28931
0.242118
0.074072
0.057554
-0.003283
0.029752
0.044115
0.079406
0.088229
0.051912
0.124034
0.266637
0.176869
0.116237
-0.010259
1.36181
0.025853
0.12188
0.286951
0.211751
0.394365
0.089973
0.285412
0.02175
0.065351
0.008926
-0.01703
0.250838
0.720608
0.090179
0.257404
0.087716
0.011798
0.079509
0.036112
0.055092
0.022263
0.06094
0.052322
0.115416
0.062992
0.050681
0.265714
0.248581
0.167841
0.047398
0.053656
0.009541
0.073661
0.016517
0.094898
0.169585
0.085152
0.077252
0.006874
0.035805
0.04155
0.034061
0.026264
0.366255
0.065556
0.940669
0.045551
0.054066
0.133575
0.031701
0.415294
0.291978
0.210725
0.273408
0.013645
0.027803
0.143834
0.048834
0.567746
0.059709
0.018877
0.04155
0.284386
0.285514
0.129882
0.035497
-0.041242
0.280282
0.617195
0.229396
0.35815
0.113672
0.10013
-0.00554
0.945388
0.030265
0.04432
0.04114
0.150605
0.03642
0.071302
0.134601
0.118186
0.125573
0.035394
0.137987
0.133062
0.183538
0.460434
0.254429
0.313009
0.055605
0.669415
0.224882
0.032727
0.148759
0.048629
0.115519
0.106593
0.136243
0.02216
0.072943
0.066172
0.588059
0.060119
0.025545
0.039908
-0.00041
0.081151
0.021339
0.173073
0.463307
0.115724
0.115724
0.676699
-0.26438
0.006668
0.068121
0.037241
0.071302
0.007694
0.11911
0.282437
0.012311
0.058272
-0.00554
0.061863
0.124239
0.476131
0.04432
0.026264
0.182922
0.062684
0.042165
0.141372
0.076123
0.052117
0.01898
0.1108
0.040524
-0.004924
0.442686
0.078483
0.120854
0.028315
-0.028213
0.092641
-0.015081
0.067711
2.398711
0.049244
0.001026
0.113057
0.044422
0.594317
0.144655
0.207852
0.841052
0.129882
-0.016004
0.010259
-0.128856
0.029444
-0.037344
0.049142
-0.000205
0.020416
0.005437
0.035292
0.109363
-0.154914
-0.006156
0.00872
0.01108
-0.124034
-0.064325
0.033445
0.267971
0.072841
0.159018
-0.024212
-0.246529
0.116853
0.055605
0.021237
0.787704
0.727995
0.44761
0.07243
0.114288
0.041447
1.262809
0.209904
-0.012003
0.585186
0.179434
1.057727
0.00554
0.217085
0.367178
0.504139
0.035702
0.076329
0.05581
-0.045141
0.027597
0.086485
0.134499
0.146297
0.184461
0.759183
0.00513
0.030675
1.76746
0.298133
0.048834
0.052938
0.084126
0.072225
0.0752
0.134396
0.030367
0.033753
0.063607
0.1504
0.070378
0.093256
0.021647
0.171432
0.05817
0.296184
0.044628
0.028623
0.094385
0.008413
0.042268
0.015491
0.203748
0.208981
0.102797
0.321832
0.05304
0.049962
-0.034779
-0.031804
0.124855
0.047398
0.19749
0.120751
0.055708
0.027905
0.253403
0.020416
-0.046885
0.02534
1.316259
-0.146399
0.03878
0.343479
0.002873
0.110902
0.190822
0.011183
0.247453
-0.002565
-0.011593
0.088537
0.722558
0.065454
-0.008618
0.157377
0.049244
0.049142
0.021442
0.13019
0.376514
0.044012
0.180152
0.032419
0.028418
0.014876
0.051296
0.063299
-0.073661
0.010157
0.076021
0.222933
0.061966
0.015491
0.048321
0.355482
0.070789
0.039806
0.070481
0.046372
0.339375
1.109433
0.076226
0.05858
0.041858
0.121674
0.084946
-0.029136
0.158505
0.136961
0.040524
0.126291
0.04432
0.065146
0.552767
0.02534
0.076739
0.101669
0.288797
0.004309
0.088742
0.054682
0.555332
0.003693
0.324602
0.041037
0.835512
1.048186
0.780933
0.412524
0.28295
1.452604
0.529274
0.228268
0.029854
0.067403
-0.130292
0.010362
-0.001436
0.005437
0.193592
0.128856
0.024417
0.045243
0.253608
0.548458
0.053143
0.050783
0.161172
-0.014978
0.027392
0.070686
0.143116
0.151426
0.060735
0.073866
0.035189
0.03365
0.096847
-0.019698
0.014671
-0.028008
0.007387
0.030367
0.153581
-0.015594
0.043602
0.249915
0.003693
0.218111
0.076021
0.003283
0.042165
0.106491
0.052938
0.030265
0.606628
0.081151
0.030162
0.005027
-0.004924
0.038575
0.185282
0.012208
0.001436
0.172355
0.145681
0.716299
0.006976
-0.020108
0.120649
0.039088
0.173586
0.015286
0.008207
0.024007
0.296287
0.109774
0.093256
0.043397
0.121572
0.298749
-0.006668
0.004822
0.026058
-0.004719
0.090692
0.117468
0.032419
0.154504
-0.045551
0.011798
-0.42822
0.041652
0.194207
0.086793
0.012721
0.060222
0.011593
0.058683
0.085152
0.068121
-0.005027
0.036728
0.60078
0.984886
2.008244
0.292593
0.110697
0.232679
0.012824
0.051296
0.037138
0.097565
-0.007797
0.011798
0.018569
0.031291
-0.017236
0.024109
0.02811
0.571747
0.040114
0.1108
1.232544
0.110492
0.68665
-0.067301
0.274332
0.014773
0.094077
0.310957
0.11398
-0.039703
0.232166
0.431195
0.011798
0.517578
0.334348
0.148451
0.111723
0.020929
0.260687
0.260071
1.615829
0.261303
0.201696
0.024109
0.209699
0.118494
0.093462
0.029034
0.140551
0.059914
0.026674
0.019185
0.188052
0.034574
0.017543
0.003078
0.204877
-1.69226
0.025443
0.017954
-0.004411
0.001847
0.032932
0.387491
0.051809
0.011901
0.052835
0.007387
0.348198
0.001539
0.006053
0.000513
0.036112
0.011798
0.007181
-0.100233
0.376924
1.112306
0.075713
0.044217
-0.008618
0.05263
0.191027
0.104952
0.55328
0.121264
0.022878
0.043807
0.156864
0.025751
0.018056
0.212058
0.025135
0.057862
-0.028521
-0.036215
0.022878
0.014773
0.072738
0.022673
0.02493
-0.269407
0.098181
0.015697
0.290747
0.259148
0.520759
0.023083
0.039395
0.128138
0.107722
0.025545
0.19195
0.008515
0.051194
0.178613
0.09777
-0.007694
0.111005
0.09418
0.035394
-0.021339
0.053451
0.067301
-0.162301
0.26161
0.041037
0.036523
0.289721
0.238014
0.17174
0.085665
0.143937
0.093975
0.026469
0.036523
0.270638
0.056836
-0.00513
0.692498
-0.156864
0.001436
0.025443
0.088537
0.009438
0.046474
0.319472
0.013747
-0.017543
0.049449
0.00318
0.051296
-0.018261
0.040832
0.024622
-0.014773
0.03642
0.146194
0.21924
0.029649
0.138294
0.014773
0.362048
0.020313
0.017646
-0.014363
-0.026264
0.189283
0.053451
0.186923
0.129882
-0.465051
0.123419
0.007079
0.175843
0.012516
0.022981
0.015491
0.023801
0.176048
-0.043397
0.073353
0.128959
0.011798
0.097668
0.229807
0.148656
0.072225
0.330552
0.170611
0.127317
-0.061555
0.024007
0.067916
0.037138
0.49747
0.517989
0.052835
0.097155
1.397615
0.323474
-0.043602
0.009438
0.014978
-0.034574
0.038677
0.1662
0.6886
0.278333
-0.032214
0.028623
0.027597
0.106491
0.005437
0.006463
0.31106
0.202722
0.192053
0.134909
0.068839
-0.381541
0.219137
-0.078893
0.062684
0.10526
0.156248
-0.015594
0.13101
0.198824
0.111518
0.486903
1.184736
0.566617
-0.035702
-0.015491
-0.070481
-0.127625
0.528453
0.159018
