0.0
0.0
3.02516
2.60032
0.026617
0.239859
2.028934
0.074198
0.118593
0.145827
0.579916
0.063305
0.080056
0.074712
0.335227
1.288085
2.599292
4.408099
0.041107
0.08951
0.688849
0.876707
0.624619
0.017676
-0.008324
0.000308
0.00483
1.709225
10.038306
0.695529
0.006269
0.425456
0.012024
-0.069676
7.358136
22.084375
0.195361
0.091566
0.101534
0.858415
7.206451
11.187038
0.105131
8.441097
0.498832
0.650106
0.126301
0.782675
-0.022712
0.044293
1.203816
-0.001336
0.066388
0.4382
2.372999
0.520208
-0.023534
2.108681
0.084166
-1.018937
2.026879
21.580918
-0.036996
0.310049
0.165866
1.742111
0.014285
0.288057
0.329575
2.769783
0.195566
6.75407
3.770942
1.585904
2.190792
-0.127226
2.388311
1.836862
-0.031344
3.67208
41.568225
-0.02487
-0.048712
0.588651
-0.016854
0.14223
1.424149
1.002597
-0.009044
0.608793
1.094882
-0.126712
0.060222
0.016957
0.239448
0.032063
0.297717
0.361844
0.039874
0.479204
-0.01151
-0.031447
3.22124
9.568351
0.097115
3.028448
1.190148
0.045937
-0.015415
-0.043059
0.001542
0.012435
0.003905
24.945107
0.026411
9.106823
0.450121
10.208283
0.023225
9.166839
-0.009044
0.094135
-0.014696
0.763972
0.051281
1.307302
3.623265
1.568331
0.222799
5.327557
0.562445
0.425662
-0.007913
0.065463
10.161935
-0.007194
-0.030316
0.090846
4.188896
0.53254
0.205637
-0.011304
0.134522
0.011818
0.021684
0.570358
1.866048
0.170902
0.026514
1.586932
0.132775
0.323306
0.021992
4.68259
0.100095
0.058577
6.157814
3.083326
0.078411
1.872625
5.517368
3.398616
14.625528
0.05683
0.076356
0.010071
0.518564
5.100545
1.235365
0.171107
0.903838
2.923626
0.026411
0.172957
0.227424
0.040696
0.132364
3.490387
0.025589
0.012332
0.464611
0.84711
0.21725
0.361638
0.03864
0.026925
0.057139
0.472524
0.121779
0.993246
0.251574
2.456754
0.338002
0.342626
0.011818
0.117463
0.621331
-0.006372
6.783153
1.635849
0.023534
0.021684
0.063818
0.975878
0.09917
0.062894
0.0037
0.052822
-0.012949
0.021478
2.149891
0.214064
0.313646
0.542919
0.375409
0.357116
0.010791
0.274491
4.132374
0.325156
0.520002
3.420814
0.086016
2.38605
0.123115
0.391543
0.119827
0.137708
0.790486
0.665212
0.586801
0.579505
0.029186
0.121676
0.390927
0.071218
0.064332
0.24623
0.389282
1.018629
6.990126
0.029289
0.343756
0.023328
0.017059
0.45084
34.379347
0.305013
0.069265
0.36246
0.12887
0.130823
0.424943
0.22578
5.780761
0.306349
0.406342
0.290831
6.929802
0.313235
0.027028
0.348689
2.906875
0.064743
0.274697
0.398429
0.012435
0.012743
15.977637
0.806312
34.983413
-0.48167
0.073581
0.215195
0.018909
0.052411
0.679703
0.379725
0.008838
3.104291
0.37212
0.461631
0.06721
7.0263
-0.011613
0.793569
0.023636
0.07502
0.791205
-0.001233
0.265345
7.1637
0.362666
0.404081
0.00966
11.606534
0.093107
0.401101
0.036071
0.278705
0.015312
0.037921
2.36375
0.211906
0.457006
0.308096
0.036791
0.04902
0.101637
0.097115
2.282872
0.297511
0.052103
-0.017162
0.214989
0.043368
0.036688
0.429156
0.606841
1.198986
0.400278
-0.01747
0.021787
-0.006783
0.27778
0.020142
0.012949
0.292373
1.088511
0.401409
0.321867
0.325053
0.017059
0.147677
0.718138
0.068443
0.191455
0.705189
0.169874
0.211289
0.138016
4.252817
1.771913
0.605196
0.240681
0.060838
3.388339
0.085913
0.091977
3.21641
0.00113
4.602637
0.080775
6.0199
0.108111
0.023431
0.012229
3.412901
0.633252
0.152198
0.109653
1.085325
0.02004
0.032166
1.476971
1.027467
0.049945
0.017984
0.01521
0.279527
1.196108
0.63428
3.964144
0.869205
0.036482
7.293289
14.532626
0.234618
9.308453
0.171313
5.574507
6.979747
0.086222
0.035352
0.227013
0.215811
7.969704
0.572003
1.011435
3.45113
0.1114
0.604066
0.366057
0.080981
1.007222
0.273669
0.424532
0.372017
0.743418
1.684869
11.403671
0.429773
1.384583
0.717727
0.085297
0.124143
0.135344
0.069676
0.031036
0.060427
0.016032
0.010277
0.002364
0.167511
0.035763
0.184776
0.728517
0.053028
0.373456
2.825894
0.27593
0.394626
0.117052
0.439022
0.041929
0.333583
0.1077
0.249108
0.031858
-0.001542
0.001953
0.115408
0.029186
0.232562
0.698201
-0.016237
0.195155
0.451662
0.078514
0.443543
0.645789
0.005138
0.058886
0.353828
0.146032
0.077795
0.338926
0.44118
0.26997
0.417852
0.721837
2.069527
0.870336
0.588137
0.06906
0.341496
-0.011921
0.114894
0.230507
0.164325
20.465894
-0.017882
0.082933
0.463378
-0.051897
0.318476
0.036174
0.431931
0.023225
0.000719
0.742905
14.738572
9.819925
0.023534
0.555354
0.874036
0.282302
0.000719
0.112119
-0.148396
-0.031652
0.025795
2.793933
20.952908
0.576319
-0.018087
0.462864
1.252116
0.035557
0.905996
0.097218
7.326894
12.22026
0.01151
-0.003802
1.092313
0.165661
0.411994
0.673228
0.13555
0.29042
0.09804
0.312824
0.03268
4.550123
-0.029597
0.536651
0.364413
0.110372
0.106261
0.392776
-0.005344
2.856724
-0.012949
2.627862
0.119929
0.128459
7.686785
10.321532
12.169185
3.442087
0.000411
0.261954
-0.011921
0.494311
-0.023636
-0.020759
7.762833
0.167202
-0.06166
0.148601
0.064846
0.184056
0.379725
-0.256713
0.891095
0.342523
0.058783
0.062174
-0.451559
0.018087
0.052411
3.364806
0.000514
0.064743
21.736508
0.023945
0.178096
0.463275
0.654422
0.521852
0.168949
0.829537
1.020582
0.404903
5.28234
1.002597
59.472748
0.4642
0.13072
0.376745
0.100917
0.184673
0.388049
0.358966
-0.005549
0.030419
0.116949
0.087558
0.138736
0.715466
0.417954
0.043265
-0.003905
0.214475
1.428465
0.701181
1.769755
0.261645
0.466872
0.230301
0.044293
0.009455
0.410247
0.405417
1.644687
1.454157
0.1597
0.072348
0.152712
0.514967
3.756143
0.40069
0.13185
0.332452
6.999889
0.782264
3.250528
25.40941
0.101534
0.097834
0.144182
12.743859
0.14819
0.07985
0.166277
0.505718
0.458342
0.74424
0.116333
53.620769
-0.003391
0.471393
0.028261
1.051309
-0.082111
0.269353
0.167819
0.046142
0.031755
4.532036
0.339235
0.313235
0.002877
0.022506
0.410966
0.024664
0.024356
0.138839
0.01151
0.361432
0.012435
0.032372
0.423196
-0.004008
0.327314
0.489789
0.009557
1.545825
0.017162
0.319606
0.729339
0.067621
0.615165
0.006988
0.376745
-0.017573
0.084064
-0.004111
1.197444
0.052514
0.052822
0.876194
0.008941
0.329164
4.037828
0.175115
0.074301
0.945253
2.496011
0.113969
6.215364
0.120957
0.046656
0.241914
2.390572
4.075338
4.140184
0.021478
0.075328
0.234823
0.800146
0.372634
0.045423
1.207618
0.603038
1.351492
0.066696
0.146032
0.129795
2.546059
0.360919
70.776632
0.316112
0.132159
0.551655
0.218791
0.090538
0.080158
0.25476
1.646845
0.127123
0.163503
1.991629
0.09619
-0.030008
0.232871
0.050356
-0.039154
1.333713
0.292989
2.979326
0.068546
-0.035249
1.004139
0.269559
0.016957
0.054569
1.258385
0.256713
0.264934
0.644351
0.023328
1.799249
0.008324
0.420421
-0.026308
0.249211
0.495133
0.062688
0.219511
0.042237
0.130309
-0.155384
0.127637
6.46663
7.25876
0.105336
16.965846
3.948421
12.166204
0.01449
-0.019217
0.36914
0.409836
0.878557
0.123629
2.197781
-0.019217
0.181487
0.82666
7.588129
0.223622
-0.006372
0.004419
0.00853
0.041518
0.19608
0.443235
0.016546
1.153151
0.442721
0.023534
0.059091
0.041518
-0.000617
2.434762
-0.002877
0.1857
0.010174
-0.048403
2.309386
0.450737
0.048609
-0.013874
0.045012
0.693885
0.344065
0.808984
0.000308
0.240784
2.834938
-0.165353
9.986203
0.0817
0.464611
0.268017
0.042957
0.936518
0.700359
0.583615
0.878146
0.555868
0.004522
0.015518
0.562856
0.02004
0.312412
0.454231
0.134728
2.711309
0.63911
0.054158
0.014182
0.525141
0.003597
0.006269
1.262907
0.724406
0.165044
0.14336
0.107906
-0.016648
1.02757
5.375755
0.605916
3.119808
0.475093
1.633691
-0.067107
-0.005961
2.058634
1.723612
0.004213
3.070994
-0.045731
0.007194
0.03453
0.083139
1.712719
0.063818
0.443441
0.033091
0.141819
0.004933
17.421722
0.13555
0.036688
0.052
-0.060222
5.991639
6.520994
6.987454
4.678068
0.354033
0.102767
0.574675
3.719661
0.000206
-0.023431
7.84443
8.063941
0.471907
6.608346
-0.04049
-0.100506
3.674752
0.031447
0.086838
0.255788
3.062773
3.26769
3.159785
0.649181
2.602375
-0.035455
0.065771
0.719885
2.028317
2.37341
2.504746
-0.552477
0.174499
8.861004
0.211392
2.901222
0.069882
1.385508
0.093518
1.267737
1.596284
0.167716
0.887395
0.496547
0.878087
-0.018672
0.615041
-0.014978
0.404521
0.074174
1.418749
0.701424
0.038472
0.028315
0.081869
0.932769
-0.09972
0.680084
0.992068
0.023801
0.422167
0.091718
0.052014
0.600678
0.042884
0.013132
0.132857
0.193899
0.874907
-0.040011
0.045961
0.406984
0.592368
0.131523
0.12229
0.242631
0.236065
0.35815
0.143629
0.450278
0.501984
19.528546
-0.046782
0.244272
-0.000205
0.071712
0.147836
7.244042
-0.012106
-0.014671
0.226319
0.012516
17.279928
0.013029
0.477465
0.005232
0.158095
0.546304
0.65854
0.296389
0.181383
0.055605
0.081869
0.202722
-0.060119
4.561151
0.075611
0.415499
0.220163
0.045654
6.356927
0.481568
0.08669
0.292696
3.93739
0.886295
0.582109
-0.00277
0.040729
0.044217
0.014158
0.028315
0.370153
1.563404
0.049449
0.023494
42.011751
0.785652
1.643016
0.04986
3.194827
0.380617
2.785689
0.188565
0.200773
0.398879
0.387799
0.479311
10.371568
0.00831
0.017954
0.953698
-0.008823
0.284181
7.234706
7.804401
4.673284
0.307777
0.023186
0.045346
0.108645
9.661322
0.050783
-0.006668
0.002565
0.035292
0.017133
-0.001231
6.767398
4.747972
0.286027
-0.609706
6.849985
3.998227
-0.080022
-0.008515
0.200363
0.006156
0.200465
0.017748
-0.049142
0.298954
0.013337
0.042268
0.08587
0.036112
0.354046
1.997164
0.026571
0.208775
0.218727
0.005232
6.76627
-0.023083
0.039703
0.21647
0.298749
0.03047
0.036831
0.196977
0.264278
0.027187
0.274742
0.461973
4.131187
0.13655
0.376103
0.02175
0.344505
0.074892
0.374872
0.014466
-0.012721
3.8349
1.276248
0.923946
0.10054
0.788011
0.209391
0.022365
0.037857
0.74205
0.03601
0.0752
0.345223
0.352507
0.205492
2.267392
13.366545
0.852132
0.127112
0.310137
0.10844
0.146604
0.054887
0.177587
0.307059
8.46448
0.202722
2.577939
2.533619
0.849054
0.220984
0.06094
0.055913
0.025956
7.013722
0.159736
0.323884
0.171329
0.485262
0.399289
0.279769
0.142193
0.142603
0.440326
0.475002
0.247042
0.050886
0.268381
0.443507
0.78637
0.510807
0.080945
0.133473
3.12373
0.19749
4.819581
0.134806
0.013953
4.180841
0.83623
-0.055195
0.465051
0.504241
0.297107
0.10249
0.076944
0.041755
0.049244
0.074995
0.384824
3.153892
7.634098
4.705293
3.443408
0.073456
0.773854
-0.009028
0.123931
0.229089
0.053964
3.451102
0.500137
-0.001641
0.223343
0.042678
0.82792
0.115929
1.095994
0.098489
0.027597
-0.029957
2.937833
0.549792
0.079201
0.003386
3.785656
2.632621
0.046885
-0.004001
0.166712
0.227037
-0.014773
0.106388
0.047705
0.027495
0.767801
4.206592
0.026571
-0.048424
0.140244
8.157729
0.243452
0.335066
0.048731
-0.023801
0.010875
1.278505
2.681763
0.710965
-0.046782
0.629404
0.337631
0.780112
0.048937
1.168218
0.287464
-0.142911
4.962697
1.299229
3.998227
0.069455
0.474592
0.16066
0.582109
-0.006771
0.079509
0.019493
0.057759
0.000205
5.717777
0.031085
2.057591
0.09459
4.147294
0.110389
4.289897
2.549111
2.945733
3.124038
0.04196
0.126394
0.16897
0.207134
0.12465
0.412011
-0.262841
1.892725
0.128651
0.037857
2.155875
0.08074
0.047603
4.837227
0.141372
8.03903
1.261885
0.480748
4.313391
0.070891
0.103721
13.763475
0.28295
10.642925
0.077662
-0.103721
0.270946
0.259866
0.372923
0.249197
7.102978
11.04006
4.748895
-0.113159
-0.023391
1.404181
-0.018467
0.143424
2.288732
5.69695
4.615422
-0.231448
0.107312
0.144553
2.080777
-0.055605
-0.115622
5.656939
3.111624
0.020724
0.025648
4.927611
0.090179
0.322345
0.188052
0.136858
3.953702
0.16425
1.771564
0.027495
2.001883
0.503215
0.195746
0.80022
0.929076
2.723107
0.273819
0.260277
0.089153
0.102695
3.816536
5.033383
0.635662
8.635912
0.034061
0.226113
0.067814
0.059401
1.55058
0.10054
9.687072
0.221702
1.06378
0.06412
0.098078
-0.198824
0.026777
0.309829
5.474941
4.739662
0.071917
0.783805
0.045038
3.705634
1.489845
0.079509
0.022878
0.017133
0.063607
0.120854
0.599755
1.417415
0.080227
0.670235
0.019185
0.004719
0.032214
0.674442
0.148246
-0.200876
-0.02493
1.819269
0.383285
13.400914
1.924939
4.385821
0.028623
1.553042
15.156781
0.828638
0.476439
0.514911
0.084023
-0.081151
0.179024
4.950899
0.268279
0.236988
1.490666
1.944227
0.007284
0.021544
0.341325
1.218489
11.972624
0.129164
7.214598
0.34235
1.02777
0.60078
-0.01939
0.483107
-0.042884
0.018467
8.301153
1.121129
0.137576
0.678238
0.164045
2.446313
0.066582
-0.086588
1.196226
0.015184
16.404919
0.159326
0.063915
1.30877
3.185183
0.063402
-0.037241
0.109876
0.078381
0.927434
2.24
7.253378
0.800938
7.170073
0.095924
3.741336
0.209596
0.225908
0.033445
0.807196
3.50445
5.35778
0.021134
0.871009
0.246529
0.339888
0.270844
0.674031
0.519835
0.523836
0.063197
0.16066
1.429521
0.300801
0.023904
1.123693
1.821116
0.101977
0.026058
2.726801
2.669144
0.312599
2.166544
0.59483
20.943602
0.027084
0.045859
0.854286
0.036318
0.043499
0.051707
0.057349
1.252549
0.087409
0.055502
-0.017851
23.561244
0.025238
0.061658
0.105465
1.474456
0.458793
3.302138
1.619419
0.134293
0.142501
0.134088
0.086588
1.548939
0.273614
0.092538
0.019082
0.442891
0.721737
0.312291
0.039601
0.523016
1.329801
0.058272
0.044525
0.333015
-0.009233
1.13703
0.204364
0.028726
1.93171
0.087716
0.047705
0.014671
-0.036728
0.036318
1.062754
1.060189
0.00595
1.354936
-0.001949
0.937796
0.878806
0.184358
0.014671
3.621713
0.174202
2.855451
3.640795
0.145271
4.495902
6.062487
5.003016
2.519051
0.095719
3.714149
3.922411
0.690446
4.808296
7.582699
3.912973
4.838971
5.346803
3.622739
3.075204
0.577389
3.735078
1.678
2.95671
1.534576
0.174099
-0.653616
0.01385
0.01344
0.126599
0.006566
0.062479
0.215752
0.426476
0.697525
0.245811
0.349737
0.757849
0.321319
0.010772
-0.010977
4.61614
0.110492
0.075405
0.027495
0.886705
0.421962
2.635494
2.244822
3.458489
4.450864
1.184223
0.133062
0.332912
1.462658
0.412113
0.017133
0.81407
0.759593
0.037754
0.074174
0.197285
0.808427
3.882708
0.043397
0.407702
0.440531
0.910199
2.557523
1.239828
0.095308
0.025135
0.159634
0.108748
11.15722
0.15553
0.055502
0.368306
0.024725
0.11675
0.936873
0.357842
0.459716
0.018672
0.026571
0.038267
2.960711
-0.00831
0.029034
0.033958
1.395973
1.122257
0.062684
0.032419
2.560293
0.123316
0.207852
0.05027
0.00318
0.021647
0.786062
0.019082
0.044422
0.704501
0.618939
0.234936
5.452473
0.570413
0.017543
0.48126
0.974422
0.322037
0.013337
0.224472
0.145476
4.789521
0.031188
0.231859
0.565797
0.02216
2.33182
0.653513
1.439062
0.524041
0.393339
0.404111
2.389067
2.800052
0.500343
1.370838
0.56118
0.187231
1.942277
0.097257
2.57004
0.186
0.454279
5.592614
54.959309
0.029136
0.12783
0.391287
0.024212
0.267356
0.353225
0.227242
-0.021955
0.29998
0.020621
4.388693
13.436
0.011593
0.027392
2.535774
0.316395
0.27546
0.097976
0.036112
0.059606
0.010259
0.147117
0.185589
0.026674
0.180768
0.031393
-0.013953
0.017441
0.06094
7.192233
19.389636
15.140982
4.145857
0.51091
1.246291
-0.028828
0.264893
0.096437
0.397032
0.166815
1.08081
0.609193
0.313625
0.766775
0.074687
0.066377
0.246119
0.493366
0.0475
0.025238
0.122187
0.0554
0.909891
0.143527
0.851926
0.03088
0.807914
1.692055
0.022673
0.095411
5.182347
0.209596
7.70622
0.040319
2.765683
0.139423
0.607757
0.061761
1.847995
0.354662
0.204466
1.851791
0.17174
2.852476
0.777239
0.097668
0.738459
0.138397
0.055913
-0.451611
-0.020313
0.646742
0.209083
0.432529
0.051809
5.868279
0.085254
3.702659
0.346557
3.521378
0.254224
0.769955
0.057349
4.120312
4.26825
-0.340709
-0.951954
-2.012451
0.104747
0.028828
0.053245
0.040011
6.39704
-0.422372
4.044188
3.442587
0.97237
0.833049
0.350866
5.108173
0.268484
0.059504
1.009508
8.809908
0.050783
1.441319
0.167636
0.832126
1.916014
1.529754
-0.028828
0.102592
1.115486
1.657379
-0.018261
2.232306
9.454188
0.124239
0.715581
0.065967
1.172527
1.420698
2.34762
0.028315
1.800803
0.018364
-0.038164
0.013747
-0.009541
0.297107
-0.028418
0.006053
0.255968
0.79232
0.099002
1.095686
-0.017851
0.001129
1.198791
-0.001436
0.030675
0.85285
0.081561
0.650025
0.910404
0.155222
0.723686
0.909276
0.081151
2.623798
0.053245
0.157582
0.918406
1.17027
0.091307
0.090999
1.33688
1.948741
0.027803
0.096539
0.715992
0.952262
-0.07243
0.02452
-0.033548
0.464743
7.062762
0.228883
0.567643
0.635354
1.686412
1.357399
0.004924
1.17222
0.212469
0.024417
1.320465
1.16945
-0.046372
-0.004822
0.017646
1.248753
0.008618
15.794597
0.071404
0.039088
0.029239
1.018126
0.036933
0.48875
0.049142
-0.014978
-0.040114
0.168764
0.949697
0.10526
1.041517
2.212505
0.177279
0.061761
3.995354
3.526097
5.089604
0.163224
0.18323
-0.037241
2.856785
3.042888
0.03878
4.067887
0.100746
0.549484
0.870496
0.984476
0.026982
1.545963
0.010054
0.017236
0.025033
6.088237
1.33134
0.453971
1.438857
-0.023904
0.827509
1.85887
0.070891
0.245298
0.108748
1.14257
0.05304
3.015598
0.226319
9.52631
0.050783
8.206153
0.124137
0.059298
0.012721
0.059504
0.089871
0.235142
0.112646
1.152727
2.814927
0.189591
18.391311
0.114493
0.052014
14.063968
2.300324
0.011593
-0.038677
0.027187
0.021852
1.134055
0.047398
0.015286
-0.022468
0.112339
0.047192
0.032214
0.574312
0.281205
22.556045
0.12229
0.106388
0.091718
0.019698
0.352815
4.958081
0.7559
0.051809
0.00831
0.005335
0.700295
0.285822
8.690491
0.239861
0.213187
2.712643
0.035497
26.782745
0.014876
0.123829
0.01108
0.001231
0.022878
0.018467
0.101874
0.228986
0.790166
0.223343
-0.159326
0.1504
0.000308
6.603764
0.156556
0.201081
0.106388
5.665147
1.395358
0.14445
0.445558
0.621504
0.271049
0.093154
0.722455
-0.029547
0.012824
14.10285
1.333495
0.234423
0.110902
0.034266
0.344402
0.045346
0.332296
0.418679
1.335752
1.339342
0.177177
-0.001231
0.359278
0.074585
0.029136
0.224985
0.142706
0.409651
0.053143
0.633405
-0.009541
0.176767
7.012081
8.852382
0.363177
0.565694
5.89126
0.002462
0.2968
0.025443
0.125676
0.798989
0.892758
0.371179
0.187231
0.007694
1.198381
-0.001129
0.092846
-0.096232
0.414781
0.685932
0.215546
3.300599
0.069558
0.762569
0.06925
0.29762
0.031188
0.016723
0.677417
0.048629
0.14209
0.240989
0.508755
0.005643
0.690446
0.033445
0.020313
0.099002
-0.009028
0.291772
0.840744
0.071199
2.680326
0.714863
0.107312
5.282477
0.145066
3.466902
5.76066
0.12506
0.556768
0.234013
0.146399
0.693114
-0.073251
0.157171
0.320498
8.943894
6.987561
0.300801
2.869507
0.308495
0.478388
0.16661
7.132935
0.507319
0.037344
0.01108
0.000616
-0.007079
0.039088
0.084639
33.340958
0.155017
0.761748
1.168937
0.416935
0.222625
-0.001129
0.000616
-0.005745
0.231961
1.704058
0.016107
0.024417
0.113159
0.409343
0.04196
0.192771
0.373846
0.227755
0.032214
0.669107
1.877849
0.089358
0.048013
1.87272
0.060119
0.032009
2.110324
-0.130908
0.028418
0.004514
0.019493
0.657924
0.068532
0.003796
0.02257
-0.017954
0.225293
41.623337
0.061453
0.882909
1.752584
0.134601
0.002667
0.211956
1.687233
1.052494
6.601199
0.210006
0.273819
0.115109
0.25884
0.029547
0.154504
0.97001
0.559846
0.062479
0.02175
0.098283
0.131113
-0.020005
1.137954
5.016148
11.139472
0.072533
1.25614
0.002257
0.013953
0.388312
1.108715
0.069147
0.709426
0.304084
0.575235
0.038677
0.015389
0.280898
0.120341
0.642433
0.343376
-0.136448
-0.021442
-0.027084
43.834919
0.220368
0.006258
0.90548
0.228781
-0.001641
0.492033
0.544868
0.037344
0.031085
2.458419
0.037959
3.448537
30.406305
0.86947
-0.631661
0.3997
0.323679
-0.011798
0.096026
0.01108
0.392005
0.405445
0.421449
1.120821
0.027597
0.008515
0.044935
-0.004104
0.538815
0.039395
0.815404
8.177324
1.355449
0.940053
0.202722
0.609603
0.198721
0.002873
0.03878
0.285514
0.476336
1.183813
0.013132
-0.085357
0.80853
0.95298
0.175125
0.432016
0.984681
1.258192
8.225337
7.667646
1.173553
0.057144
14.296134
0.085152
0.039908
-0.013029
0.037036
0.023801
0.571542
0.122187
0.401341
0.078483
0.484236
0.087716
0.031804
0.028931
0.166815
0.236065
3.35087
0.835204
0.103926
0.459511
0.064838
0.365229
0.047295
0.437659
0.077047
0.067711
0.404727
6.518509
16.464935
0.006463
0.006874
0.065967
0.010567
0.316087
0.685317
4.712988
0.015697
0.273203
0.112339
0.081869
0.062581
0.024827
6.584579
0.114288
0.093769
0.540148
0.0752
0.044935
0.020211
3.427198
0.141167
0.042473
0.043704
0.047911
0.076636
6.213913
1.853535
0.253198
9.740318
0.662438
1.220643
0.13101
5.092066
0.026366
0.063505
2.883049
0.1583
0.126496
0.090384
4.846255
0.223343
0.243246
0.698551
1.00089
3.039502
0.059401
1.535704
0.281411
7.011876
0.224164
5.024766
-0.00554
0.257609
7.767776
0.185692
-0.080843
0.018877
-0.004617
11.719016
2.168083
0.35066
0.021544
0.037754
-0.01149
-0.009951
-0.020826
0.311675
0.017543
0.187334
0.013645
0.052938
-0.003899
5.312127
0.001231
12.364219
0.169175
0.268997
0.59483
0.46382
25.112337
-0.012311
0.04114
0.047398
0.038575
0.118597
0.013953
0.154709
0.201491
0.127933
-0.048424
20.135277
0.462999
33.56861
1.269272
1.092916
2.728237
2.297144
18.297747
-0.009746
0.044628
0.276076
0.205185
0.01939
0.267971
0.472027
0.234936
0.14722
0.168867
-0.002462
0.006771
0.024417
0.783497
0.007079
-0.018056
0.104849
0.586623
0.00513
0.673005
11.670387
0.490391
0.123726
0.040729
0.158505
0.206313
0.155325
0.019698
0.42504
0.341632
0.225908
0.018877
0.564258
-0.064736
14.22237
2.903157
3.154405
0.005335
0.000308
-0.027392
-0.008002
-0.004514
0.855312
0.293619
0.771084
0.198003
1.722935
0.176664
0.019493
0.018774
0.07756
0.020621
0.554511
1.162576
10.478264
0.027597
0.30829
0.013029
0.159428
0.631763
9.672299
-0.012516
0.109158
0.199542
0.642638
0.895836
1.01115
23.543906
0.017236
3.809252
0.709734
0.096129
0.043704
0.776521
0.285925
0.042371
-0.003899
0.404727
0.01898
5.468477
-0.005848
0.031804
0.133062
0.421757
-0.007592
0.386465
-0.024622
0.353841
0.224677
-0.007694
0.66408
0.433247
0.586007
5.57938
1.199304
0.015902
0.016004
0.130292
0.470488
0.216265
0.253198
0.018774
0.017646
0.319165
0.085972
0.272896
2.190859
0.485877
-0.002873
0.05263
0.316908
0.006668
0.175843
0.711683
0.451098
71.774597
0.348916
0.16425
-0.008618
0.337734
0.018364
0.01621
-0.000205
0.260071
4.412597
0.173791
-1.002122
0.060119
-0.002462
0.504549
-0.022468
0.017441
1.394229
0.040114
0.118186
0.053861
0.146297
0.140551
14.839463
-0.018364
0.179229
-0.018364
0.096437
2.045075
0.057452
-0.079406
0.355482
0.04473
5.353779
-0.015389
0.421347
0.017338
0.141372
0.214931
0.252377
20.32456
0.05581
17.152406
0.015389
0.147938
-0.028213
0.009131
0.902299
0.078175
0.049655
0.074482
0.054579
0.795808
-0.018774
0.023596
0.012619
0.538917
0.86434
1.821731
0.246016
0.28931
0.043294
-0.013747
0.030573
0.995658
0.010772
0.004924
1.166577
4.313801
1.239007
0.011183
7.920023
0.940361
0.047911
0.131318
-0.009951
0.213597
0.279461
-0.088127
0.91933
0.265406
0.078586
0.423398
0.005027
0.314343
6.316403
0.020005
0.386568
14.899172
0.22837
0.299877
5.256829
3.00657
6.012832
2.651601
0.143014
0.371282
0.138294
0.018877
-0.032727
0.037857
-0.018569
0.157479
3.84875
0.570208
19.369836
0.244888
0.031085
0.871829
0.108543
0.720711
0.82238
1.111382
-0.109261
-0.051604
1.504516
0.334246
0.050168
1.363965
0.023391
0.531223
0.044935
0.079304
8.836582
0.092538
0.049962
0.610629
0.109569
0.399905
7.038858
2.889204
4.088406
6.81336
3.382776
0.066582
2.779738
3.168153
0.187641
0.061453
0.123624
8.779028
0.062684
0.504549
0.437043
0.151016
3.178925
0.453766
6.137892
0.527324
0.331271
0.509063
0.770263
2.077904
0.014876
-0.023699
0.107722
0.450893
0.179229
0.172047
0.233295
1.012689
2.09791
0.045756
0.479619
2.411329
0.745333
-0.028828
4.206079
0.037651
1.272555
0.709836
0.020416
0.815506
0.101566
9.804233
0.281205
0.953595
5.984004
0.047705
-0.077457
0.139628
-0.013542
3.467107
17.622279
5.619903
0.783395
0.788114
0.58098
