0.175
-0.016
0.048
-0.048
-0.429
-0.254
-0.381
-0.048
-0.026
-0.02
0.068
-0.055
-0.084
-0.078
0.338
-0.049
-0.107
-0.117
-0.241
0.175
0.081
-0.163
0.049
0.862
0.007
1.197
0.088
0.055
-0.537
-0.241
-0.032
0.075
0.044
0.057
0.114
0.094
0.09
0.187
0.256
0.27
0.281
0.084
1.051
0.343
0.472
0.088
0.08
0.084
0.074
0.081
0.048
0.107
0.134
0.099
0.127
0.06
0.143
0.111
0.067
0.043
0.021
0.021
0.032
0.032
0.01
0.021
0.032
0.064
0.181
0.075
0.128
0.053
0.021
0
0
0.086
0.075
0.01
0.053
0.032
0.053
0.064
-2.301
0.272
0.224
0.282
0.02
0.097
0.156
-0.214
-0.388
-0.476
-0.106
0.088
-0.708
-0.301
0
-0.34
0.214
0.36
0.156
-0.088
-0.146
-0.204
-0.854
1.088
-0.038
-2.291
0.058
-0.428
-0.058
-0.078
-0.31
-0.038
0.165
0.038
0.796
0.048
0.699
-1.369
-1.204
0.12
0
0.028
0.157
0
0
0
0
0.009
0.009
0.018
0.018
0.028
0.018
0
0
0
0
0.037
0
0.065
0
0.018
0.018
0
0
0.028
0.028
0.009
0.028
0.016
-0.014
-0.006
0.057
0.039
0.156
0.194
0.002
0.136
0.119
0.162
0.057
0.076
-0.015
0.022
-0.027
0.039
0.199
0.202
0.127
0.304
0.798
0.035
0
0.128
0.232
0.006
0.04
0.413
0.141
0.562
0.366
0.011
0.141
0.614
0.41
0
0.427
0.275
0.151
0
0.032
0.239
0
0.009
0.13
0.205
0.738
0.12
0
0.067
0.075
0.042
0.053
0.044
0.102
0.071
0.229
0
0
0
0
0
0
0
0.098
0.38
0.347
0.336
0.343
0.324
0.111
0.001
0
0.277
0.421
0.417
0.308
0.152
0.117
0.25
0.216
0.072
0.008
0.052
0.025
0.047
0.037
0
0
0.136
0.07
0.001
0.092
0.063
0.05
0.374
0.43
0.143
0
0.049
0.494
0.298
0.277
0.162
0.26
0.315
0.27
0.134
0
0
0
0.02
0.062
0
0.036
0.027
0.169
0.119
0.213
0
0.002
0.039
0.122
0
0
0.363
0.346
0.412
0.314
0.117
0.609
0.57
0.03
0.093
0.182
0.126
0.273
0.242
0
0.028
0
0.081
0.235
0.339
0.085
0
0.179
0.505
0.083
0.108
0.14
0.528
0.095
0.225
0.115
0
0
0.184
0.058
0.114
0.169
0.126
0
0.095
0.152
0.048
0.416
0
0.02
0.094
0.163
0.103
0.345
0
0.551
2.993
0.825
0.074
0.365
0.115
0.105
0
0.117
0.273
0.117
0
0.156
0.039
0.273
0.078
0.351
0.623
0.039
0.234
0.234
0.156
0.117
0.039
0.117
0
0.195
0
0.078
0.663
0.195
0.273
0.156
0.429
0
0.195
0.585
0.234
0.585
0.546
0.857
0
0.078
0.195
0.156
0.117
0.156
0.234
0.312
0.039
1.131
0.312
0.429
1.326
0.234
0.819
0.623
0.117
0.195
0.117
0.195
0.117
0.039
0.195
0
1.014
1.169
0.936
0.506
0.156
1.131
0.936
0.234
0.234
0
0.234
0.506
0.039
0
0.078
0.195
0.506
0.078
1.131
0.663
0.078
0.397
0.416
0.205
0.203
0.098
0.119
0.141
0.061
0.051
0.078
0.134
0.006
0
0
0.069
0
0
0
0.385
0.005
0.116
0
0.478
0.099
0
0.163
0.191
0.123
0.116
0
0
0.137
0.25
0.07
0
0
1.604
0.302
0.116
0.006
0.283
0.446
0.517
0.146
0.263
0.126
0.011
0.223
0.106
0.086
0
0.137
0.141
0.335
0.022
0.039
0
0.729
0.24
0.218
0
0
0.043
0.099
0.097
-0.145
0.42
0.072
0.265
0.094
0.004
0.189
0.171
0.264
0.14
0.235
0.196
0.038
0.019
-0.016
0.117
0.105
0.033
0.025
0.076
0.403
0.273
0.201
0.283
0.357
0.207
0.337
0.532
0.641
0.679
0.666
0.589
0.622
0.153
0.043
0.23
0.127
0.02
0.051
0.077
0.125
0.127
0.133
0.083
0.09
0.158
0.144
0.258
0.147
0.063
-0.061
-0.041
-0.051
0.008
0.199
0.142
0.045
0.081
0.033
0.136
0.222
0.248
0.28
0.156
0.095
0.002
0.136
0.064
0.048
0.134
0.1
0.291
0.303
0.133
0.09
0.006
0.41
0.187
0.155
0.52
0.429
0.105
0.871
0.045
0.178
0.1
0.154
0.065
0.121
-0.099
0.321
0.844
0.401
0.262
0.416
0.082
0.06
-0.123
-0.025
0.477
0.36
0.126
0.027
-0.052
0.006
0.04
0.081
0.343
0.204
0.258
0.057
0.112
0.102
0.242
0.367
0.314
0.417
-0.036
-0.006
0.148
0.384
0.028
0.536
0.609
1.813
2.003
0.166
0.126
-0.001
0.035
0.026
0.772
0.174
0.032
-0.206
-0.602
-0.412
-0.016
0.079
0.459
0.301
0.095
0.222
0.174
0.412
0.729
0.143
0.079
0.127
0.032
0.079
0.222
0.443
0.222
0.048
0.269
0.079
0.158
0.412
0.285
0.111
0.063
-0.269
-0.19
-0.127
-0.143
-0.111
0.095
0.063
0.143
-0.016
0
-0.19
-0.158
0.222
0.633
0.143
0.048
0.079
0.38
-0.111
-0.016
0.048
-0.206
-0.032
0.048
-0.063
-0.127
0.016
-0.063
-0.048
-0.174
-0.063
-0.127
-0.158
-0.253
-0.095
-0.095
0.079
0
-0.095
0
-0.143
-0.016
-0.063
-0.206
-0.095
0.095
-0.079
0.253
-0.158
0.063
0.016
0.063
0.158
0.174
-0.032
0.079
-0.285
0.333
0.317
-0.048
-0.095
0
0.095
-0.079
0.095
0.048
0.079
0
-0.016
-0.032
0.016
0.063
0.032
0.079
0.016
0.19
-0.032
0.048
0.222
-0.079
-0.697
-0.143
-0.032
0.032
0.19
0.143
0.079
-0.016
0
0.459
0.301
0.048
0.048
0.839
1.235
-0.919
0.079
-0.174
0.475
0.206
0.523
0.317
0.412
0.238
0.095
0.048
0
-0.111
-0.143
-0.095
-0.079
-0.174
-0.095
-0.475
0.38
0.665
0.38
0.016
0.158
0.111
0.079
-0.095
0.158
0.143
0.174
-0.016
0.016
-0.127
0.032
0.032
0.095
-0.111
0.143
-0.016
0.032
0
-0.203
0.769
0.813
0.363
0.247
0.334
0.015
0.305
0.508
0.015
0.16
0.363
0.45
0.45
1.249
0.247
0.073
-0.334
0.363
0.319
-0.174
0.668
0.958
-0.436
0.711
0.058
0.45
0.799
0.857
0.668
1.074
0.479
0.116
0.044
0.494
-0.102
-0.407
-0.392
-0.16
0.334
0.45
-0.232
0.247
-0.015
0.073
-0.319
-0.174
-0.319
-0.305
-0.145
-0.189
-0.305
-0.189
-0.218
-0.479
-0.436
-0.319
-0.058
-0.102
-0.189
-0.45
-0.363
-0.087
-0.015
0.058
0.058
-0.073
-0.145
0.058
-0.029
-0.479
0.218
-0.174
-0.29
-0.407
0.189
-0.044
-0.348
-0.102
-0.044
0.131
0.015
0.015
-0.029
-0.058
0.073
-0.058
0.377
0.189
0.494
0.087
0.218
-0.116
0.029
-0.319
0
0.044
0.392
0.407
0.16
0.319
0.261
0.436
0.131
0.276
0.145
0.421
0.319
0.145
-0.131
0.131
0.377
0.436
1.118
0.145
0.276
0.813
0.334
0.029
-0.218
0.073
0.044
0.073
-0.044
-0.015
0.218
0.799
0.581
0.218
0.61
0.073
-0.087
0.058
0.058
-0.015
0.029
0.044
0.348
-0.073
0
0.29
0.523
0.987
0.334
-0.232
0.261
0.261
0.232
0.015
-0.058
0.334
0.073
-0.029
-0.058
-0.058
-0.16
-0.116
0.247
1.249
0.189
0.348
0.044
0.29
-0.218
0.050195
0
0.46234
0
0.1726
1.2368
0.053006
0.010703
0.041702
0.14887
0
0
0.22525
0.0088192
0.097273
0
0
0.06572
0.011542
0.12523
0.037307
0.084118
0.078266
0.05297
0.027758
0.020856
0.042522
0.023689
0.067611
0.007888
0.016832
0.0054233
0.039626
0
0.12243
0.053158
0.080796
0.021782
0.12923
0.0046928
0.052365
0.012787
0
0
0
0.53455
0.059638
0.0506
0.054986
0.036069
0.016487
0.040842
0
0.018193
0.014666
0.014489
0.023933
0.0030758
0.017939
0.058349
0.099294
0.057676
0.03839
0.025519
0.038027
0
0.014049
0.039845
0.010863
0.10111
0.0096243
0.023192
0.015679
0
0.072144
0.0049278
0.0033246
0.042377
0.079688
0.22345
0.61365
0.11542
0.0591
0.0051217
0.036664
0.017649
0.023335
0.021166
0.011924
0.054045
0.01407
0.0016406
0.012837
0.0051175
0
0.022513
0.28812
0.014077
0.030373
0
0.0015141
0.02434
0.025375
0.01849
0.0048845
0.028957
1.0289
0.54634
0.037208
0.027335
0.072797
0.22265
0.50721
0.16585
0.29857
0.51739
0.046108
0.087399
0.35349
0.034379
0.063882
0.13631
0.094447
0.12924
0.22911
0.18469
0.10021
0.10446
0.32465
0.0416685
0.0195278
0.0193625
0.00928025
0.49438
0.028519
0.117273
0.0294755
0.02236
0.00436115
0.0492965
0.130477
0.130278
0.0485795
0.0177269
0.1273
0.134112
0.1226
0.0923458
0.00988665
0.0084847
0.0046396
0.0144415
0.0129564
0.038414
0.0377885
0.031992
0.01742
0.0133605
0.0296665
0.024281
0.0182904
0.00574214
0.0109009
0.0029591
0
0
0.0102652
0.066751
0.02939
0.142239
1.26299
1.6133
0.040977
0.0031459
0.020754
0.27975
0.49572
0.64444
0.049803
0.053472
0.091922
0.31129
0
0.060551
0.023348
0.055644
0.067934
0.018781
0.042713
0.089099
0.18385
0.14332
0.12108
0.076965
0
0.0039257
0.63196
0.017215
0.039858
0.018543
0.032795
0
0
0.00024291
0.0056534
0.03808
0.024644
0
0
0.0041653
0.0057278
0
0.00099181
0.17852
0.016786
0.035339
0
0
0
0.042281
0
0.0085851
0.023433
0
0.0045627
0.0085166
0.013441
0.00050325
0.0030994
0.012408
0
0.021767
0
0.012103
0.013906
0.025894
0.016957
0.019299
0.0087309
0.016108
0.039228
0.024178
0.0074947
0.048504
0.066492
0.059692
0.18629
0.35608
0.019359
0
0.0077932
0.016463
0.015867
0.049119
0
0.28809
0.17224
0.037416
0.031292
0.041294
0.044873
0.03843
0.019986
0.037959
0.008928
0
0.014549
0.0028014
0.11131
0
0
0
0.012466
0.027371
0
0.025508
0.017616
0.060461
0.0061447
0.023838
0.012639
0
0.43023
0.0066846
0.0098789
0.022386
0
0.015927
0.07107
0.029439
0.072367
0.044353
0.10404
0.070701
0.047053
0.042925
0.16414
0.14709
0.16189
0.10903
0.0051573
0.033681
0
0
0.062257
0.11625
0.037181
0.017044
0.015139
0.091516
0.12349
0.11599
0.316
0.0671825
0.063179
0.0799155
0.110793
0.15991
0.157905
0.088679
0.041623
0.237965
0.0292903
0.00521115
0.024234
0.17979
0.0208145
1.87995
0.0107635
0.0119135
0.0311835
0.267805
0.044789
0.044285
0.102551
0.070578
0.056494
0.095909
0.009355
0.086931
0.048822
0.068446
0.27586
0.609705
1.03765
0.29219
0
0
0.099183
0.026932
0.103597
0.063031
0.0833315
0.063186
0.037964
0.212061
0.11806
0.05076
0.0826935
0.0679155
0.00701905
0.088639
0.0476095
0.067474
0.17056
0.0302895
0.016088
0.0588678
0.098524
0.078836
0.0646415
0.092694
0.081362
0.0504205
0.0116994
0.024937
0.30562
0.104513
0.426228
0.08477
0.0027345
0
0.0192007
0.0182401
0.118355
0.096548
0.73653
0.81282
2.4179
0
0.0428885
0.0227643
0.101666
0.798539
0.460886
0.0302695
0.0425627
0.449331
1.52965
0.0565825
0.032405
0.0304895
0.128324
0.177098
0.159254
0.0492206
0.00210555
0.0046195
0.150919
0.123073
0.101638
0.051342
0.0365105
1.22717
0.278492
0.135945
0.0316512
0.148961
0.0585645
0.030429
0.0259791
0.0626598
0.520235
0.692685
0.295095
0.130739
0.188499
0.268862
0.123693
0.158729
0.165243
0.29099
0.290158
0.0775901
0.25344
0.25961
0.227145
0.21133
0.079372
0.0763805
0.126171
0.063322
0.41297
0.32002
0.0786082
0.031741
1.3264
0.0350764
0.0858855
0.0424105
0.160105
0.1844
0.061747
0.0510945
0.092909
0.16611
0.337196
0.132005
0.068967
0.118068
0.106711
0.168225
0.479115
0.180005
0.3761
0.043335
0.017339
0.0352041
0.124879
0.60024
0.099915
0
0.173966
0.0484172
0.23853
0.36414
0.0360121
0.0470065
0.297795
0.62993
0.46001
0.26865
0.43727
0.10639
0.20918
0.34012
0.05332
0.05648
0.044492
0.01701
0
0.0028138
0
0.17792
0.22796
0.31181
0.038496
0.044463
0.05051
0.12135
0.044856
0
0.24481
0.26915
0.39516
0.42047
0.29272
0.1189
1.5989
0.11049
0.061875
0.10532
0.096157
0.10929
0.042156
0.16029
0.32049
1.1684
1.4619
0.040105
0.00021709
0.013873
0.013754
0
0.085134
0.019398
0.023139
0.00074496
0
0.010088
0
0
0
0
0
0.023431
0.045501
0.093281
0
0.013818
0.0041629
0.0095489
0.013491
0
0
0
0.0092645
0
0
0
0.0009755
0
0.022266
0.10485
0.013391
0
0.0068445
0.0011003
0.11758
0.017792
0.014922
0.018753
0
0
0
0.2242
0.0017528
0.011641
0.00042024
0.010713
0
0
0.029711
0.021244
0.0098105
0
0.013281
0
0
0.21756
0.0067777
0.006601
0.011208
0.156502
0.168601
0.83397
0.87136
0.27494
0.153255
0.0499405
0
0.139598
0.0771935
0.15812
0.033471
0.0841375
0.156526
0.054898
0.066128
0.164455
0.0596155
0.158
0.16167
0.14689
0.067969
0.1088
0.05128
1.2683
0.12139
0.080886
0.079307
0.11971
0.087713
0.12183
0.014664
0.10737
0.21179
0.020234
0.045538
0.05819
0.067096
0.062357
0.077489
0.083961
0.050701
0.038108
0.042519
0.010026
0.047581
0.024569
0.1288
0.052985
0.077273
0.057919
0.066723
0.031003
0.037321
0.065726
0.028356
0.040923
0
0
0.052287
2.7736
1.1485
0.62089
0.015064
0.094526
0.04441
0.053615
0.040939
0.10165
0.052724
0.031981
0.044554
0.046204
0.04528
0.049747
0
0.028033
0.055972
0.028194
0.074244
0.054702
0.048027
0.047883
0.04341
0.019084
0.094036
0.18705
0.34159
0.10652
0.073481
0.055289
0.071708
0.010537
0.05049
0.019489
0.16382
0.10585
0.12055
0.11701
0.40933
0.35624
0.43847
0.042508
0.081073
0.081461
0.060415
0.021025
0.063276
0.11194
0.13712
0.088625
0.079585
0.10057
0.046126
0.1481
0.035296
0.039065
0.027199
0.047447
0.046844
0.032052
0.04905
0.040841
0.10246
0.081991
0.075116
0.066572
0.041756
0.058039
0.047551
0.12085
0.20594
0.0085766
0.027007
0.1279
0.18865
0.070761
0.0076247
0.17259
0.10449
0.060247
0.068329
0.065222
0.053707
0.025713
0.016479
0.054464
0.17889
0.013275
0.041073
0.038651
0.037129
0.034474
0.12048
0
0.016478
0.056767
0.020945
0.014532
0.023477
0.024065
0.045508
0.082163
0.39932
0.15842
0.18739
0.03225
0.31475
1.5395
0.029191
0.1763
0.22349
0.24646
0.125
0.13946
0.21731
0.16124
0.10522
0.18291
0.18789
0.059713
0
0.022863
0.047903
0.27038
0.081126
0.031756
0.019904
0.028103
0.018235
0.0015106
0.026329
0.15976
0.15938
0.075825
0.016916
0.022136
0.024529
0.055223
0.024003
0.012299
0.024023
0.015829
0.15137
0.33627
0.029574
0.095442
0.23877
0.031928
0.028245
0.021662
0.082471
0.16457
0.037178
0.054723
0.053922
0.081388
0.10461
0.25534
0.064712
0.07137
0.061902
0.083242
0.062715
0.033425
0.064116
0.12311
0.030189
0.017543
0.053612
0.069749
0.63761
0.054847
0.10022
0.39345
0.43734
0.18434
0.055248
0.31385
0.010543
0.066878
0.41316
0.62498
0.013075
0.17826
0.025879
0.12369
0.19724
0.27721
0.48131
0.11522
0.083154
0.10631
0.023904
0.034405
0.082675
0.10253
0.072498
0.36119
0.020693
0.025202
0.16308
0.030504
0.25239
0.29644
0.14045
0.46891
0.040394
0.041789
0.051963
0.038938
0.061243
0.046824
0.042732
0.13341
0.17493
0.057512
0.036938
0.067864
0.38803
1.0002
6.8619
1.8769
0.17404
0.27635
0.2494
0.098418
0.10379
0.10536
0.089743
0.071656
0.083904
0.06588
0.28191
0.42584
0.081923
0.19077
0.39008
0.49456
0.11338
0.099946
0.046311
0.037265
0.0091074
0.1066
0.043888
0.030149
0.024054
0.029888
0.0611
0.02149
0.024579
0.039059
0.077818
0.058385
0.020439
0.060703
0.071251
0.097684
0.14992
0.099877
0.21328
0.39285
0.33655
0.31074
0.025359
0.020797
0.0508995
0.036356
0.108725
0.191495
0.002395
0.56516
0.77766
0.671325
0.330835
0.100319
0.30407
0
0
0
0
0.15683
0.14727
0.16106
0.23956
0.31089
0.15577
0.18799
0.16271
0.1169
0.083709
0.00076266
0.084909
0.054139
0.141145
0.089278
0.091102
0.0721295
0.221855
0.19146
0.123235
0.098552
0.067344
0.088972
0.0738345
0.0980455
0.070743
0.054853
0.0750955
0.143135
0.194663
0.50345
0.502004
0.64402
0.067551
0.040991
0.082157
0.0939515
0.13071
0.0813185
0.1016
0.069147
0.057755
0.0826785
0.107035
0.046118
0.0597485
0.053819
0.0697605
0.520514
5.83975
1.96301
0.649665
0.0666715
0.114395
0.178205
0.067573
0.172496
0.0535272
0.78882
0.127802
0.0538065
0.0324945
0.0472425
0.023451
0.0280965
0.027718
0.21388
0.0310347
0.0279465
0.0485735
0.0508695
0.0532445
0.06887
0.187709
0.215755
0.019806
0.052789
0.0652965
0.025974
0.037889
0.0376945
0.140253
0.080402
0.0574195
0.046075
0.121525
0.224985
0.196355
0.180077
0.24314
0.026377
0.0457855
0.179925
0.019787
0.054318
0.039259
0.06608
0.136405
0.0662965
0.100884
0.0445155
0.14774
0.032764
0.128715
0.122745
0.580515
0.705105
0.29525
0.31922
0.1522
0.25387
0.466305
0.37118
0.0385808
0.0331863
0.0343835
0.062691
0.13531
0.191755
0.83725
0.03698
0.0384095
0.24101
0.11971
0.17088
0.21668
0.18675
0.035847
0.075368
0.12811
0.11965
0.34181
0.11617
0.0038484
0.052253
0.028254
0.09701
0.098726
0.065626
0.13408
0.29809
0.56132
0.77357
0.10165
0.13121
0.15581
0.11961
0.36076
0.63016
0.78075
0.18535
0.98913
0.059276
0.12164
0.059678
0.1322
0.33653
0.27997
0.62665
0.069682
0.064572
0.25188
0.12448
0.15371
0.16776
0.061162
0.19837
0
3.2946
0.22506
0.072559
0.15326
0.047465
0.23696
0.35594
0.33318
0.59573
0.70729
0.606597
0.0380718
0.159127
0.25901
0.010634
0.02281
0.12028
0.16848
0.099436
0.057723
0.029456
0.026709
0.1107
0.073089
0.14994
0.052793
0
0
0.25709
0.13585
0.13966
0.27868
0.35121
0.83749
0.24525
0.063542
0.04094
0.35297
0.072697
0.16047
0.186275
0.32782
0.351715
0.123357
0.50193
0.0843207
0.0461474
0.118723
0.266167
0.642967
0.188487
0.108077
0.127048
0.108006
0.116679
0.0570777
0.14081
0.106284
0.19338
0.43063
0.459673
0.313571
0.243908
0.444188
0.308237
0.421043
0.441633
0.0434264
0.092289
0.132435
0.0918505
0.246015
0.033546
0.80729
0.0941025
0.0995155
0.512755
0.24792
0.327575
0.0925665
0.0889995
0.67188
0.147285
0.0263405
0.0387275
0.088843
0.051383
0.055311
0.086352
0.074269
0.0675765
0.1308
0.0482675
0.0872785
0.0764705
0.0875345
0.19983
0.16115
0.15115
0.010786
0.065556
0.029995
0.076584
0.0699475
0.067393
0.0640255
0.022611
0.041564
0.055121
0.0805185
0.0553955
0.044956
0.025304
0.057428
0.0356235
0.0583215
0.025929
0.093998
0.0955325
0.0703775
0.0825635
0.0535305
0.0742365
0.07224
0.044282
0.036848
0.0672425
0.080113
0.02641
0.231015
0.096289
0.0137012
0.0042847
0
0.0532695
0.273585
0.098265
0.087132
0.008654
0.0149115
0.0381895
0.0385735
0.18848
0.17286
0.173515
0.0850025
0.37988
0.433655
0.071749
0.026226
0.00297655
0.0240895
0.0108909
0.0117182
0.056431
0.044291
0.064029
0.107995
0.19977
0.476765
0.57239
0.544
0.153005
0.19181
0.11769
0.0695225
0.115351
0.532075
0.0086849
0.0625805
0.0305915
0.024117
0.0696075
0.0790095
0.068694
0.087846
1.09201
0.481755
0.198475
0.30531
1.1523
0.409803
0.924435
0.114793
0.256985
0.167032
0.0502596
0
0.0118327
0.0372825
0.0199222
0.0309249
0.16352
0.32614
0.120567
0.128678
0.33001
0.816955
0.038631
0.054595
0.0478455
0.018972
0.043898
1.4702
0.87433
0.00065716
0.007953
0.028032
0.04488
0.1045
0.065483
0.21967
0.11688
0.098361
0.20893
0.044077
0.052696
0.0393755
0.0729325
0.133443
0.07522
0.130397
0.040388
0.048076
0.025348
0.16494
0.065452
0.059304
0
0.054933
0.076074
0.060839
0.21596
0.29552
0.47323
0.12405
0.098218
0.059956
0.022893
0
0
0.021934
0.048568
0.018609
0.013702
0.22204
0.0050599
0
0
0
0.12624
0.055502
0.27255
0.79245
0.13428
0
0.092296
0.049259
0
0.027054
0.043535
0
0
0.10611
0.27036
0.049588
0
0.06433
0.14775
0.17545
0.15232
0.048282
0
0.050849
0.076013
0.16471
0.22054
0.27924
0.33261
0.64901
0.016075
0.028496
0.018218
0.0025
0.0072158
0.011295
0.0011807
0.018509
0.027476
0.087997
0.212
0.30681
0
0.03878
0.034455
0.035453
0
0
0.10769
0.25243
0.27484
0.35296
0
0.21008
0.32025
0.47072
0
0
0.27089
0
0.0024151
0.080568
0.021767
0
0
0.45031
0.51021
0.0061468
0.1853
0.37624
0.001483
0.0082002
0.22558
0.30621
0.010064
0.054258
0.045233
0.070736
0.024131
0.041245
0
0
0.036775
0.075737
0.05234
0.68325
0.24374
0.082429
0.23077
0.22631
0.3921
0.57353
0.53384
2.0865
0.28205
0.41701
0.2524
0.17447
0.066759
0.016473
0
