0.19
-0.206
-0.317
0
-0.413
1
-0.048
0.429
-0.036
-0.127
-0.104
0.059
1.158
0.293
0.134
0.107
0.198
0.225
0.292
0.176
0.081
0.113
0.119
0.098
0.079
0.076
0.035
0
0.01
0.043
0.353
0
1.228
0.032
1.313
0.16
0.053
0.064
0.043
1.238
0.021
0.171
0.064
0.822
0.021
0.053
0.096
-2.456
-1.456
-0.378
-0.252
0.31
-0.893
-0.33
-0.146
0.146
-0.776
-1.495
0.36
0.074
0
0
0.018
0
0.018
0.028
0.046
0.018
0.018
0.175
0.028
0.083
0.405
0.028
0.018
0.065
0.009
0.083
0.249
0.341
-0.041
0.733
0.395
0.202
0.095
0.16
0.466
0.031
0.175
0.072
0.659
0.225
0.445
0.791
0.049
0.202
0.755
0.52
0.76
0.198
0.991
0.491
0.091
1.067
0.856
0.795
0.183
0
0.901
0.43
0.228
0.357
0.305
0.376
0.54
0.201
0.381
0.426
0.692
0.257
0.424
0.683
0.796
0.406
0.339
0.018
0.025
0
0.801
0.717
0.571
0.581
0.299
0.243
0.604
1.372
0.523
1.046
0.16
0.054
0.137
0.122
1.023
0
0.209
0.066
0.421
0.086
0.371
0.274
0.083
0.092
0.947
0.045
0.176
0
0.752
0.348
0.035
0.407
0
0
0
0.117
0.117
0.039
0
0.429
0.156
0.078
0.039
0.702
1.169
0.078
0.078
1.832
0.78
0.389
0.273
0.078
0.74
0.117
0.974
0.74
0.351
0.234
0.078
0.195
0.897
0.351
0.663
1.091
0.74
1.131
0.117
0.702
0.078
0.819
1.244
0.323
0.165
0.56
1.154
0.3
0.108
0.046
0.128
0.067
0.131
0.246
0.252
0.157
0.171
0.007
0.105
0.515
1.116
0.381
0
0.206
0.695
0.384
0.032
0.083
0.728
0.56
0.889
0.653
0.164
0.761
0.319
0.342
0
0
0.386
0.478
0.035
0
0.158
0.637
0.412
0.847
0.669
0.095
0.115
0.285
0.059
0.211
0.984
0.258
0.605
0.6
0.111
0.316
0.288
0.436
0.189
0.367
0.115
0.151
0.218
1.243
0.719
0.324
0.286
0.35
0.151
0.07
0.17
0.136
0.599
0.64
0.778
0.745
0.154
0.177
0.08
0.163
0.215
0.137
0.688
0.258
0.094
0.103
0.112
0.137
0.308
0.212
0.413
0.354
0.548
0.414
0.104
0.52
0.138
0.502
0.073
0.435
0.001
0.752
0.339
0.217
0.088
0.653
0.377
0.168
0.574
0.168
0.131
0.153
0.068
0.172
0.801
0.05
0.16
1.238
0.128
0.102
0.915
0.204
1.321
-0.108
0.282
0.071
0.592
-0.206
0.228
0.38
0.729
0.222
0.206
0.538
0.222
0.095
0.032
0.143
0
2.455
1.6
0.38
0.206
0.333
1.172
-0.158
0.095
0.143
-0.602
-0.079
-0.111
-0.19
-0.127
-0.158
-0.048
0.095
0.554
-0.095
0.048
-0.158
-0.222
0.174
-0.063
0.158
0.143
-0.079
0.792
-0.111
0.317
-0.016
0.063
0.143
-0.032
0.206
0.032
0.222
0.158
0.19
-0.095
0.174
0.333
0.111
0.364
0.174
0.143
0.364
0.412
0.048
0.412
0.633
0.855
0.301
0
0.222
0.19
0.649
1.077
0.079
0.57
1.805
0.095
0.158
0.127
0.206
-0.032
-0.095
0.111
0.174
-0.412
0.808
0.016
0.127
0.143
0.222
0.317
0.111
2.059
2.154
1.299
1.695
0.552
0.363
0.16
0.421
0.015
0.058
0.334
0.319
0.073
0.682
-0.015
0.726
0.015
0.261
0.74
-0.203
1.524
0.624
-0.102
0.189
0
1.002
1.103
0.479
0.102
0.407
0.755
0.189
0.058
0.058
0.058
0.421
-0.16
0.145
-0.203
-0.145
0.116
-0.232
-0.276
-0.16
-0.232
-0.247
0.015
-0.102
-0.073
-0.073
0.566
-0.044
-0.116
0.116
0.276
0.276
0.276
0.131
0.029
0.015
0.305
0.261
0.465
0.16
0.421
0.174
0.886
-0.131
1.684
0.203
0.581
0.523
0.436
0.74
0.769
0.261
0.073
0.029
0.058
0.015
0.116
0.261
0.363
0.958
0.987
0.145
-0.044
-0.581
0.581
0.726
1.481
0.537
0.087
0.015
2.381
0.247
0.755
2.105
0.828
0.131
-0.087
0.334
1.292
0.247
0.769
0.17617
0.083981
1.1249
0.27766
0.81785
0.30579
1.9902
0
0.030072
0
0.068274
0.29654
0.19199
0.33841
0.025189
0.1776
0.0063522
0
0.059754
0.019927
0
0.046011
0.32073
0.011478
0.09712
0.19472
0.018807
0.088879
0.23763
0
0.089203
0.39562
0.1855
0.067625
0.033144
0.043287
0.079084
0.0033746
0.0088295
0.037387
0.10537
0.01795
0.0073072
0.17306
0
0.022727
0.0093182
0.021535
0.02514
0.21192
0.2715
0.027885
0.069204
0.091349
0.10715
0.009215
0.12242
0.30386
0.26604
0.021286
0.071463
0
0.10295
0.15529
0.01539
0.0031812
0.010177
0.0021803
0.091764
0.10812
0.57033
1.6278
0.78673
0.012097
0.018936
0.087325
0.70196
0.093984
1.1525
0
0.21869
0.10506
0.23826
0.24333
0.13783
0.58978
1.0372
0.12346
0.41481
1.1349
0.018427
0.0621242
0.92057
0.45043
0.97064
0.0292995
0.172775
0.169908
0.410205
0.2442
0.163775
0.0687245
0.0387062
0.11176
0.16998
0.146225
0.31158
0.61899
0.35914
0.0101777
0.0208325
0.236065
0.017926
0.0519835
0.0059263
0.0204085
0.0301985
0
0.0161775
0.75935
1.27785
0.029098
1.0157
0.0065762
0.031994
0.096976
0.18092
0.8831
0.05938
0.04323
0.30335
0.24687
0.081278
0.036067
1.1901
0.97996
0.024323
0.010635
0.029242
0
0.030143
0.047178
0.059466
0.78843
0.011019
0.10021
0
0
0.59733
0.04577
0.029561
0.0087904
0.042004
0.10919
0.0089054
0.39247
0.37665
0.068059
0.23237
0.10916
0.51484
0
0.17778
0.21589
0.48276
0.57776
0.40384
0.56809
0.28451
0.017838
0.11456
0.057209
0.59667
0.027801
0.13014
0.028929
0.19003
0.059449
0.042954
0.015897
0.0324
0.57759
0.5693
0.029163
0.070958
0.010608
0.51318
0.049584
0.081109
0
0.11321
0
0.0023366
0.16665
0.712
0.65337
0.41501
0.30013
0.090582
0.0553165
0.18586
0.410305
0.158265
0
0.0238409
0.49258
0.105861
0.115097
1.1516
1.00317
0.17541
0.0721205
0.17737
0.254475
0.63179
0.725445
0.263445
0.26356
0.0293705
0.0281725
0.0953075
0.103204
0.00957595
0.076882
0.0311277
0.0824315
0.23843
0.187742
0.46684
0.199175
0.22032
0.088112
0.503355
0.196375
0.073287
0.0825745
0.0725735
0.301725
0.059875
0.395435
1.22869
0.0390281
0
0.176279
0.192851
0.047965
0.00052
0.196905
0.143139
0
1.0649
2.9128
1.50645
0.782365
0.023129
0.0372425
0.182465
0.405
0.029422
0.290558
2.4436
0.093148
0.32732
0.0747865
0.0732755
0.075037
0.27527
0.182485
0.296655
0.16973
0.062723
0.317945
0.45767
0.129292
0.261496
0.17742
0
0.0900465
0.102349
0.115916
0.27588
0.125085
0.267475
0.128775
0.315095
0.0662135
0.44039
0.509685
0.0767815
0.279855
0.561845
0.59765
0.258735
0.35087
0.521465
0.0518385
0.8136
0.22433
0.84244
0.0391645
0.186597
0.066514
0.113279
0.0440125
0.0991225
0.0607393
0.22403
0.369125
1.61901
0.0613705
0.44904
0.25436
0.0622571
1.7178
0.234575
0.35967
1.23095
0.562475
0.6207
0.078874
1.17642
0.0338799
0.138032
0.217133
0.292885
0.15585
0.5113
0.15791
0.320541
0.55005
0.53744
0.51441
0.33868
0.55627
0.32585
0.24896
0.040313
0.29174
0.03261
0.26599
0.10819
1.2355
1.234
0.098511
0.0025812
0.022805
0
0.25117
0.50744
0
0.01536
0.013488
0.0076068
0
0.27861
0.24535
0.033237
0
0.018817
0
0.0035904
0.011716
0
0.0009336
0.012481
0.3731
0.00050848
0.037406
0.020755
0.26538
0.010082
0.011426
0.11707
0.89333
0.042425
0.031981
1.3528
3.1103
0.53949
0.76821
0
0.60765
0.82235
1.0819
1.0088
1.485
1.477
0.02488
0.161321
0.14947
0.110552
0.134352
0.068321
0.173999
0.591735
0.76686
0.453715
0.0120175
0.050761
0.094101
0.63915
0.203645
0.101305
0.042963
0.079053
0.17923
0.060813
0.2473
0.046887
0.085201
0.1525
0.08865
0.039939
0.19916
0.21533
0.34889
0.35453
0.059542
0.068301
0.077412
0.058428
0.12904
0.12987
0.0051634
2.8578
0.10002
0.11966
0.3587
0.46399
0.17028
0.10484
0.074656
0.10109
0.1058
0.19847
0.076585
0.1893
0.13423
0.04496
0.12144
0.13795
0
0.10206
0.11653
0.086384
0.054081
0.00033679
0.36268
0.40276
0.069873
0.42058
0.19895
0.17627
0
0.18055
0.082111
0.39384
0.31733
1.1329
2.047
0.42585
0.029081
0.9892
0.16367
0.18471
0.025828
0.24074
0.051664
0.30142
0.065021
0.10021
0.1312
0.07159
0.066667
0.032593
0.19978
0.057695
0.06605
0.44603
0.18907
0.060784
0.046255
0.5004
0
0.12063
0.42524
0.028336
0.22753
0.10198
0.39844
0.19047
0.1203
0.0437
0.48768
0.32555
0
0.38752
0.14384
0.46664
0.1093
0.7582
0.037814
0.60688
0.3662
0.20346
0.56029
0.079814
0.63409
0.01203
0.58223
0.15411
0.22671
0.031228
0.27823
0.067697
0.24885
0.44885
0.11232
0.043163
0.057076
0.03196
0.053466
0.01592
0.51326
0.028147
0.70758
0.013436
0.045063
0.021587
0.065255
0.030011
0.97769
0.26553
0.33621
0.67182
0.049519
0.45369
0.13563
0.39122
0.087764
1.0057
1.018
0.043685
0.86918
0.036235
1.3733
0.41998
0.51128
0.079147
0.53148
0.027435
0.32273
0.0067425
0.026024
0.00021911
0.93844
0.59373
0
0.40703
0.057576
0.26055
0.15458
0.74763
0.053869
0.33525
0.089069
0.075636
0.065626
0.045479
0.10555
0.078253
0.049761
0.049513
0.46989
0.10133
0.059978
0.27971
0.054649
0.18877
0.26818
0
0.44778
0.28407
0.053339
0.095276
0.20821
0.10435
0.44182
1.0012
0.57604
0.06126
0.047359
0.048854
0.14988
0.065092
0.2749
0.13994
0.13494
0.13872
0.15174
0.099274
0.029684
0.11769
0.32361
0.32253
0.066835
0.030968
0.14768
0.072374
0.22414
0.1696
0.24516
0.97213
2.1622
1.6002
0.40282
0.296755
0.107225
0.607285
0.54556
0.18861
0.47693
0.12086
0.15529
0.11647
0.27919
0.16331
0.18059
0.2525
0.10758
1.6184
0.28241
0.20479
0.13231
0
0.056069
0.091911
0.47903
0.10402
0.048286
0.10848
0.08709
0.24353
0.10705
0.12641
0.143789
0.12862
0.138705
0.22273
0.0298347
0.125907
0.119915
0.157052
0.108752
0.4831
0.049404
0.0467695
0.26428
0.2327
1.0256
0.2803
0.048925
0.21642
0.041091
0.0802065
0.502135
1.42495
0.29304
0.289755
0.73165
0.125153
0.03406
0.163825
0.179945
0.0693205
0.0419325
0.0847555
0.076204
0.0433395
0.08318
0.278135
0.0804335
0.504525
0.29791
0.783265
0.019016
0.15867
0.240895
0.807765
0.075382
0.169335
0.0354135
0.107235
0.048761
0.23238
0.337125
0.67206
0.217485
0.310505
0.11556
0.37025
0.20752
0.7341
0.577845
0.44122
0.266345
0.485275
0.692075
0.80777
0.0119811
0.36281
0.443585
1.38135
0.145645
0.13362
0.15604
0.194725
0.1342
0.18144
0.11824
0.075594
0.0022141
0.23565
0.029396
0.1027
0.10548
0.23438
0.062593
1.2166
1.1408
0.042257
0.747
0.23701
0.38522
1.5582
1.1405
0.28013
0.49676
0
0.13003
0.037551
0.2104
0.87441
0.73166
0.47456
0.30138
0
0.30224
0.14083
0.22663
1.93833
0.370885
0.774128
0.180805
0.0381456
4.8196
0.756715
0.0698675
0.206125
0.1325
0.14018
0.020173
0.28897
0.13297
1.5819
0.51525
1.1385
0.35181
1.1478
0.1279
0.36683
0.143965
1.11795
0.77144
0.86654
0.120551
0.647527
0.212707
0.0996357
0.0557579
0.186717
0.115914
0.321481
1.67899
1.40066
0.109767
0.398357
0.2805
0.46927
0.0325634
0.074045
0.56276
0.14007
0.386435
0.155958
0.069873
0.65685
1.49795
0.138325
1.7047
0.48771
0.0952155
0.0712955
0.101431
0.0324095
0.14387
0.0380545
0.0892595
0.12511
0.15262
0.27911
0.654845
0.193045
0.0710025
0.30893
0.0218405
0.198315
0.072004
0.24545
0.0601535
0.228905
0.0307985
0.319245
0.184775
0.0547155
0.0844445
0.080122
0.13842
0.104151
0.0874025
0.137165
0.0599965
0.700435
0.307495
0.36473
0.026325
0.0383405
0.0518995
0.029447
0.052951
0.184935
0.61975
0.226785
0.257195
0.5668
0.077677
0.053585
0.494715
0.10433
0.54851
0.0681305
0.0818475
0.175125
0.160165
1.7708
0.33265
1.91985
0.499225
0.013728
0.31647
0
0.034192
0.027165
0.264442
0.81177
0.0089512
0.055033
0.0235085
0.430675
0.0952685
0.56834
0.173065
0.1254
0.0922255
0.795805
0.343285
0.056157
0.10262
0.27898
0.80585
2.2419
0.65867
0.056971
0.34172
1.4469
1.2275
0.27542
0.25533
0.1367
0.00052133
0.0302885
0.079236
0.14067
0.01215
0.114745
0
0.031419
0
0.27401
0.049429
0
0.021499
0.094737
0.07634
0.098218
0.30813
0.18749
0.05519
0.080054
0.15734
0.15656
0.10685
0
0.80959
0.12638
1.0121
0.60608
0.1242
0
0.50849
0.16744
0.21471
0.091936
0.69612
0.050414
0.74476
0.1574
0.777
0.49343
0.24798
0.30657
1.6658
0.3279
0.34051
0.26261
0.21064
0.0075218
0.26874
0.051494
0.079424
0.015773
0.16382
0
0.59348
0.71215
0.55701
0.029624
0.2724
0.018095
0.18199
0.009878
0.23539
0.18768
0.45425
0.0076066
0.59481
0
0.63672
0.34276
0.002523
0.024374
0.84849
3.2987
0
0.57182
0.12902
1.1127
0.20652
0.73772
1.1811
0.60535
0.39358
0.20376
2.7036
0.43852
0.39443
0.87657
0.031961
0.29461
