-0.048
-0.254
-0.079
0.111
0.698
0.429
0.333
-0.016
0
5.206
0.222
0.016
0.032
0.063
0.095
0
0.048
1.54
0.084
0.228
1.005
0.316
0.995
0.062
-0.032
-0.084
1.769
0.049
-0.026
-0.309
0.465
0.322
0.358
0.254
0.059
0.131
0.186
0.221
0.189
0.387
0.513
0.665
0.811
0.672
0.353
0.228
1.83
1.568
1.163
1.163
0.376
0.396
0.069
0.12
0.174
0.208
0.132
1.04
0.412
0.306
0.136
0.306
0.253
0.909
0.224
0.529
1.475
0.01
0.053
0.107
0.459
0.876
1.014
0.843
0.021
0.032
0.053
0.043
0.043
0.064
0.363
1.548
0.128
0.566
0.096
1.11
0.651
0.064
0.15
0.267
0.043
0.075
0.053
0.15
0.139
0.128
0.064
0.043
0.064
0.032
0.075
0.075
6.426
-0.048
3.32
0.262
1
1.359
0.456
0.748
0.758
0.436
0.446
0.33
0.912
0.718
-0.31
0.67
0.602
0.33
1.291
0.194
0.418
0.088
0.816
-1.194
0.495
0.602
-0.097
0.33
0.893
0.221
0.101
0
0.009
0.046
0.028
0
0
0.028
0
0
0.009
0.009
0.009
0.009
0
0
0
0.028
0.018
0.157
0.194
0.636
1.991
1.834
2.065
1.558
0.811
1.714
0.028
0.028
0.074
0.074
0
0.857
0.747
0.82
0.894
0.996
1.161
0.949
2.205
1.884
0.932
1.087
0.04
0.146
0.535
0.294
0.288
1.881
0.569
0.196
0.136
0.16
0.822
0.575
0.794
0.979
0.862
0.936
2.326
2.024
1.536
3.092
0.236
1.485
2.189
1.411
1.257
1.012
0.851
3.561
3.864
1.197
0.682
0.348
0.288
0.896
0.131
0.372
0.905
0.513
1.461
2.426
2.704
3.713
2.321
0.519
0.508
0.905
0
1.727
1.547
1.103
1.111
0.797
1.133
0.584
0.452
0.844
0.98
1.343
1.524
1.256
1.639
1.866
1.082
0.666
1.146
0.91
1.804
2.297
0.207
0.467
0.013
0
0.187
0.475
1.328
1.874
1.512
0.663
1.111
0.607
0.485
1.918
1.431
0.225
0.74
2.454
8.617
2.644
1.512
0.291
0.707
1.67
1.725
0.039
0.302
0.36
0.43
0.096
0.026
0.321
0.957
0
0.159
0.162
0.24
0.313
0.638
1.383
1.186
0.655
0.498
0.696
0.352
2.063
1.664
7.793
0.235
17.008
9.592
8.514
8.218
0.128
0.381
0.781
0.897
0.18
0.057
0.688
0.138
0.604
1.193
0.786
0.117
0.039
0
0.156
0.234
0.273
0.156
0.117
0
0.039
0.078
0
5.419
4.717
0
0.156
0.351
1.209
6.979
5.068
0.195
0.234
0.234
0.389
0.234
0.234
0.389
1.286
0.585
0.897
3.82
0.117
0.234
0.546
0.234
9.045
1.248
0.468
1.482
3.977
4.756
4.483
2.183
1.248
0.897
0.585
0.468
1.794
0.892
1.764
2.003
2.346
2.672
0.142
1.96
3.73
0.009
0.248
0.129
0.107
0.076
0.134
0.204
0.435
0.283
0.644
0.739
0.651
0.37
0.674
0.708
0.457
0.113
0.005
0.288
2.455
1.425
0.894
0.288
0.571
0.141
0.051
0.711
1.413
1.028
0.251
0.08
2.072
2.492
2.914
2.223
0.564
0.946
0.89
0.438
0.866
1.342
1.796
0.393
0.48
0.384
0
0.12
0.12
3.85
7.471
3.876
2.287
0.079
0.276
0.39
0.602
0.455
0.559
0.226
1.341
1.423
1.067
1.092
0.168
0.498
0.416
0.698
0.847
0.425
1.19
0.579
0.416
1.349
1.229
0.984
0.684
0.42
1.02
1.416
1.918
1.501
1.126
0.516
0.954
0.857
0.759
1.303
1.422
0.742
1.446
0.18
0.413
0.695
1.93
1.18
0.141
0.079
0.903
0.016
0.12
1.096
1.402
0.628
0.536
0.842
0.15
0.494
0.198
0.24
0.175
0.371
1.163
0.492
0.336
0.468
0.82
0.846
0.832
0.265
0.37
0.447
0.727
4.971
1.855
0.64
0.676
0.265
0.203
0.048
0.301
0.315
0.374
0.752
1.593
1.931
0.867
0.949
0.819
0.013
-0.074
0.669
1.267
1.524
0.907
0.431
0.23
1.815
3.56
2.727
1.158
0.492
0.432
0.384
1.899
1.481
0.94
2.18
0.349
0.223
0.381
0.014
2.152
2.154
2.035
1.704
3.593
1.251
0.071
0.305
0.386
0.59
1.126
1.58
0.57
0.251
1.117
0.921
0.663
0.491
0.346
0.152
0.643
-0.008
1.324
0.481
0.654
1.522
0.189
2.149
2.43
1.882
0.301
-0.392
1.3
0.934
0.778
0.268
0.375
1.027
1.723
0.08
0.863
0.215
1.964
2.629
1.837
1.251
1.124
1.679
0.839
0.57
0.633
1.109
1.267
1.79
1.172
0.443
0.317
0.681
1.109
0.633
1.726
0.649
0.269
0.158
0.38
0.158
0.903
1.219
0.443
0.744
0.364
0
0.238
-0.016
0.934
-0.333
-0.016
0.048
-0.048
-0.19
-0.158
-0.063
-0.111
-0.222
0.206
2.296
0.475
0.079
0.364
0
1.663
0.016
-0.253
-0.016
-0.032
-0.222
0.253
0.032
0.95
0.333
0.19
0.095
0.269
-0.19
0.681
3.785
0
0.095
-0.048
0.158
0.048
0.111
0.396
1.52
2.692
0.586
0.301
0.19
0.602
0.523
0.744
-0.934
0.19
0.348
-0.048
0.238
0.38
1.441
4.434
1.394
0.665
0.538
0.317
0.222
0.143
0.285
0.253
0
1.584
0.934
0.95
0.063
0.602
1.457
5.052
3.643
2.993
2.486
0.602
0.887
1.615
2.771
1.758
1.093
0.206
0.982
0.364
0.269
-0.143
1.045
1.916
1.219
1.029
0.364
0.269
0.839
0.412
1.156
0.887
0.665
0.38
0.729
0.808
0.364
0.824
0.57
0.348
0.238
0.301
3.579
2.17
1.916
0.269
0.412
1.093
0.839
1.045
1.679
2.376
1.932
0.206
2.914
2.17
3.247
3.262
1.425
1.584
3.088
0.537
0
0.653
0.581
0.465
0.319
0.232
0.29
0.305
0.261
0.436
0.479
0.261
0.218
0.145
0.174
0.973
-0.116
2.308
1.757
0.755
1.583
1.626
1.045
1.495
0.305
-0.029
0.087
0.595
0.232
0.755
0.915
0.74
1.176
1.132
1.176
1.103
-0.015
-0.015
0.813
0.087
0.203
0.116
0.073
0.595
0.189
0.319
-0.116
-0.189
0.073
-0.073
0.566
0.363
0.552
0.131
0.348
0.015
0.058
-0.174
0
0.363
0.174
0.624
0.799
1.437
1.103
0.392
0.813
0.015
0.261
0.116
0.247
0.973
1.96
1.22
0.247
0.058
0.726
1.161
1.161
0.639
0.581
0.319
0.929
0.436
0.363
0.682
0.218
1.132
0.537
0.639
1.249
0.973
0.987
0.711
0.929
1.916
1.132
1.103
1.597
1.713
1.945
2.308
0.494
1.002
0.828
-0.073
-0.102
0.131
0.203
0.218
1.147
0.697
0.276
0.319
0.624
1.35
1.089
2.178
2.512
2.207
0.595
0.276
0.363
1.031
0.857
1.452
1.945
1.916
0.784
3.209
2.425
2.279
1.278
1.045
3.281
1.757
1.495
0.377
0.886
1.278
1.263
1.742
2.454
1.887
1.931
0.18993
0.32849
0.13679
1.5725
1.1638
1.1535
2.0448
0.19754
1.144
0.75719
0.86336
1.1875
1.1092
1.7365
0.093299
0.59594
0.33899
0.22816
0.19377
0.3877
0.91114
1.8464
0.66131
0.076263
0.31805
0.49501
0.27152
1.2284
0.51576
0.66257
1.2256
0.90496
0.50842
0.39835
0.84671
0.83953
0.7437
1.0228
1.1506
0.96401
0.6222
0.54064
0.27018
0
0.1597
0.097821
0.13513
0.16723
0.21615
0.10395
0.085121
0.70225
0.37279
0.7813
0.1832
0.22186
0.13777
0.1172
0.94805
0.23038
3.7565
0.086856
0.11128
0.21934
0.080355
0.34988
0.18249
0.84428
0.58181
0.84107
0.19909
0.098635
0.090129
0.075182
1.0161
1.1825
0.29449
0.027628
0.97306
0.67566
0.039705
0.37576
0.41612
0.29362
0.091469
0.18336
0.9087
1.0182
0.95061
0.2559
0.1115
0.15419
0.3291
0.26753
0.079719
0.1054
0.24012
0.26494
0.6264
0.83409
0.5124
0.1347
0.0057138
1.0119
0.58376
0.65292
0.93634
1.5489
1.1821
0.025137
0.026798
0.0068014
0.44955
0.67547
0.16729
0.36278
0.6264
1.1124
1.1606
0.78443
0.46766
1.0166
0.79244
0.65912
0.23586
0.42563
0.19234
0.67122
0.41797
0.52788
0.71042
0.53767
0.24441
0.78216
1.1455
1.1534
0.91052
1.2177
0.49927
0.5653
1.5638
1.2402
0.15638
1.00193
0.99107
1.32666
1.19819
0.140783
0.709625
1.57585
1.3751
0.18712
0.318815
1.10055
0.2715
0.138299
0.0505405
0.131585
0.441656
0.57644
0.230326
0.085364
0.138642
0.23865
0.17486
0.17577
1.22545
0.30758
0.383585
0.044121
0.48262
0.247375
0.218795
0.35004
0.381025
0.420725
0.321625
0.59667
0.595975
0.476655
0.753895
0.281675
0.225415
0.50458
0.644155
0.311555
0.370175
0.345165
0.149115
0.899045
0.355515
0.3198
0.41335
0.538425
0.388845
1.01811
0.970115
1.2105
0.48439
0.29813
0.0098862
0.072428
0.038759
0.15808
1.0728
0.44043
0.012906
0.24997
0.416
1.1562
2.0548
1.7657
0.14259
0.72949
0.75804
1.3584
0.83346
0.63446
0.98259
1.5368
0.53301
0.0010984
0.22575
0.047438
0.98201
0.80558
0.90322
0.064618
0.18273
0.19249
0.10129
0.36934
0.041689
0.83837
0.47376
0.37676
0.28013
0.19557
0.63087
0.63918
0.36019
0.39168
0.54887
0.17094
0.27882
0.40659
0.048096
0.091938
0.11327
0.64522
0.27247
0.33765
0.59863
0.073961
0.4238
0.34213
0.28011
0.55158
0.71324
0.38471
0.46237
0.43501
0.72852
0.62415
0.35178
0.42081
0.35143
0.92082
0.64824
0.94997
0.36649
0.72048
0.41837
0.45235
0.50856
0.22568
0.052756
0.067205
0.56662
1.0637
0.80247
0.95775
0.89319
1.4554
1.5176
0.94838
0.80405
1.2834
0.29885
0.37992
0.25818
1.104
0.23381
0.18515
0.41441
0.31716
0.47118
0.98072
0.67178
0.45806
0.32996
0.59434
0.80661
0.67327
0.6587
0.46137
0.28837
0.73705
1.488
1.0514
1.103
0.84308
0.94556
0.50634
0.38397
0.24828
0.89032
0.38372
0.47849
1.3057
1.6834
1.1922
1.1835
1.5089
1.1574
1.5815
1.1508
0.94256
0.58175
1.0431
0.32822
0.72016
0.84459
0.50859
0.67872
0.76767
1.6058
0.89392
0.90552
0.77656
1.3334
2.1164
0.869105
0.21945
0.0703176
1.25985
0.65469
0.75932
1.34535
1.1173
0.50739
0.345135
0.834415
0.787835
0.57576
0.847095
0.379145
0.16882
0.0481749
0.477801
0.63071
0.90659
0.637321
0.346808
0.102548
0.51145
0.63273
0.364235
0.135345
0.361265
0.933385
1.2276
0.60685
0.648295
0.802115
0.172457
0.63145
0.777605
0.64574
0.62967
0.392005
0.13943
0.19263
0.0952875
0.110255
0.105142
0.919775
1.25595
0.59204
0.711625
1.6983
1.9977
0.83196
0.67554
0.45054
0.439895
0.62797
0.21923
0.325135
0.361465
0.35076
0.21067
0.5995
0.0454585
0.147811
0.56749
0.29629
0.150035
0.677705
0.83275
0.34802
0.48467
0.772285
0.494344
0.074923
0.0558465
0.147815
0.736165
1.055
1.019
2.24715
3.1123
1.222
1.28401
0.84621
2.56675
1.9028
0.610415
1.02154
0.5831
0.207655
0.226216
0.81883
1.0952
0.344295
0.88724
0.611734
0.312645
0.76279
0.533485
0.42791
0.279545
0.15893
0.187285
0.231955
0.75065
0.27854
0.491816
0.706785
0.810635
0.475105
0.323165
0.0832255
0.49493
0.232355
0.381585
1.26816
1.38923
0.68072
0.822315
0.103388
0.142037
0.179215
0.0863775
0.853105
0.58178
0.823205
0.48749
0.05961
0.14676
0.70991
0.0111249
0.0699325
0.123819
1.80305
1.95637
0.782075
0.329143
0.2824
0.614595
0.786545
0.397064
0.32773
0.73877
0.7096
0.307172
1.13304
0.92542
0.69449
0.484435
0.102932
0.89879
0.116421
0.163775
0.132175
0.047199
0.34866
1.32319
0.774865
0.146414
0.124774
0.220255
0.105657
0.638545
0.82416
0.282805
0.077779
1.3139
1.33836
0.751135
0.445825
0.2202
0.51202
0.37883
0.493095
0.637765
0.48718
0.116845
0.233325
0.178755
0.21756
0.1753
1.9468
0.575156
2.6907
0.9803
1.57445
1.32736
0.93226
0.302065
0.7424
0.755455
0.72486
0.752335
0.729645
0.13211
0.161885
0.24283
0.181055
0.71995
0.252615
0.26658
0.194055
0.056716
1.78431
0.3914
1.40915
1.43778
0.96276
1.94785
0.998295
0.272332
0.0102388
0.54499
0.597635
0.75815
0.56157
0.27221
0.29321
0.158926
0.144805
0.173577
0.22213
0.89635
0.45577
0.75742
0.64211
0.22654
0.86769
0.30816
0.059739
0.74991
0.5544
0.38463
0
5
2.0303
3.4545
3.9093
3.3998
2.4215
1.5185
0.06756
0.1099
1.1082
0.51335
0.8531
1.014
1.1945
0.034826
0.057291
0.039333
0
0.028677
0.21812
0
0.43657
0.43743
0.39526
0.059399
0.033083
0.0031007
0.061887
0.031508
0.3089
2.4142
0.18949
0.020459
0.24343
1.5
0.14023
0.40887
0.022548
0.018041
0.013599
0
0.031728
0.033651
0.025824
0.016431
0.054915
1.2642
0.026641
0.02676
0.23328
1.0602
1.3562
0.18773
0.010268
0.47025
0.78788
1.2682
0.74064
0.42489
0.68486
0.66797
0.67995
0.13551
0.030343
0.4566
0.33589
0.14484
0.32709
0.1483
0.3298
0.38117
0.69332
1.8509
2.2294
2.1308
1.4443
0.69772
0.33826
0.12646
0.15448
0.1027
0
0.50992
0.87635
0.75944
0.84469
0.91687
1.3374
1.0862
0.95807
1.3348
0.82343
2.1176
2.2968
0.86122
1.3898
0.57565
0.79162
0.272423
0.300295
0.361845
0.33884
0.255045
0.94708
2.0184
2.5692
2.4773
2.7929
0.111194
0.339845
0.155
0.214449
0.96917
1.13855
1.3476
1.03137
1.17115
2.60035
2.7143
1.72725
0.89113
0.749905
1.1724
0.098373
0
0.091496
0
0.19729
0.14534
0.55428
0.099754
0.075453
0.12193
0.23526
0.18464
0.16059
0.62939
1.8819
0.11855
0.097831
0.07583
0.077628
0.073859
0.047043
0.64856
0.59111
0.54243
1.1416
0.41433
0.3277
0.47559
0.83461
2.2541
0.94784
0.57044
0.042187
0.097999
0.1134
0.16816
0.48308
0.7299
1.3648
1.3993
0.99298
0.59314
0.57043
0.2949
0.10815
0.26711
0.47182
1.152
1.0684
0.18136
0.51036
2.3775
0.28225
0.3375
0.58056
0.42655
0.52356
0.1631
0.17119
0.44184
0.4649
1.1205
1.1516
0.79479
1.022
0.86148
0.85372
0.56274
0.24299
0.14302
0.27203
0.29233
0.15156
0.23524
0.21234
0.31877
0.58027
0.45021
0.51727
0.050101
0.24692
0.26719
0.29301
0.27793
0.50624
0.56833
0.88003
1.0492
0.64812
0.85806
0.47357
0.28308
0.4556
0.9453
0.86556
0.7729
0.82871
0.36476
0.63665
1.2142
1.461
0.81584
0.6368
1.1348
1.8113
0.82044
0.82979
0.85323
0.57228
0.31794
0.32567
0.059956
0.12357
0.12319
0.02936
0.74227
1.0085
0.8412
0.67782
0.3087
0.42179
0.3355
0.028956
0.31517
0.82889
0.82979
0.094935
0.10874
0.022268
0.6752
0.37993
0.34356
0.81327
1.9055
1.0647
1.1844
1.8686
3.2185
1.5013
2.243
1.6644
0.97209
0.042419
1.0218
0.71455
0.78399
0.29724
0.31449
0.047526
0.14185
0.011274
1.1498
1.0698
1.608
0.74948
0.12891
0.11247
0.26267
0.3896
0.11232
0.031674
0.091022
0.11095
0.38073
0.22616
0.030453
0.13272
0.96492
1.3203
1.0939
1.0811
0.43806
0.043796
0.19844
0.5867
0.22212
0.4149
0.17138
0.18865
0.47166
0.85273
0.44582
0.3035
0.5103
0.69247
0.78908
0.64276
0.32921
0.50342
5
1.9048
2.8825
1.5925
0.8194
0.24932
0.66932
0.27669
0
0.047568
2.4613
0.96953
0.83978
0.84315
0.16516
0.92726
1.0492
0.74128
0.56422
0.52053
0.20869
0.90855
0.75979
1.0273
0.60087
0.50007
0.36144
0.31441
0.36148
0.35553
0.84959
0.84651
0.76018
0.012283
0.74392
1.003
1.4232
0.33982
0.098364
0.42978
0.14647
0.79773
0.76072
1.951
0.86564
0.81076
0.21139
0.25664
0.12951
0.00926
0.094976
0.24233
0.043921
1.4506
1.2821
0.8363
0.60373
0.027244
0
0.083208
0.036008
0.02185
0.064368
0.69291
0.21808
1.1896
0.95352
0.81758
0.35916
0
0.32031
0.3478
0.45178
0.86279
0.65242
0.30878
0.0056295
1.7235
1.4524
0
1.1415
0.30266
0.048259
0.93384
0.89689
0.55269
0.36866
0.88405
1.1692
1.1266
0.78756
0.57921
0.15838
0.52887
0.38105
0.02265
0.066884
0.095289
0.14099
0.011952
0.42239
0.04293
0.064469
0
0.0067715
0.85708
0.62736
0.58558
0.61034
0.97808
1.3771
1.2268
1.0705
1.0417
0.77204
0.41293
0.26186
0.27733
0.47675
0.3029
0.78119
0.73431
0.35337
0.54504
0.3616
0
0.016841
0
0.14182
0.0034649
0.80921
1.2764
1.3334
1.1268
0.70394
0.51536
0.28254
0.06392
0.033872
0.026421
0.080767
0.28484
0
0.33111
0.11895
0.038582
0.29767
0.83888
0.66698
0.54801
0.19786
0
0.34761
0.78552
0.61612
0.62774
0.051593
0.015188
0.10752
0.61279
0.41692
0.49211
0.54877
0.84185
0.61473
1.0919
1.5985
0.8272
1.0774
1.8222
1.0072
0.29843
0.40527
0.33236
0.30162
0.059384
0.028683
0.16821
0.12153
0.73492
1.0918
1.1594
0.72775
0.48854
0.42216
0.47675
0.50961
0.30621
0.85186
1.1862
1.099
0.2384
0.9528
0.17034
0.15462
0.093126
0.18411
0.10548
0.45505
0.53892
0.53636
0.02721
0.13075
0.13688
0.32624
0.29901
0.52582
0.45478
0.26886
0.7132
0.83761
0.72829
0.64391
1.2922
1.455
2.4923
0.94341
1.4896
1.3768
1.3051
2.3538
2.5704
1.7894
0.77231
0.61804
0.838985
1.33491
1.09709
0.812515
0.562095
0.066044
1.3866
1.4199
0.89533
0.681935
0.62623
0.9738
0.030511
0.36797
0.61941
0.3619
4.0231
0.90624
2.2159
1.8027
2.4034
2.8283
0.79441
0.041207
1.2092
1.3141
0.97556
0.26659
0.21004
0.058466
0.22341
0.55606
0.96236
0.038453
0.68527
0.19256
1.049
0.65276
0.91179
0.17584
0.51487
0.32884
0.30081
0.763225
0.48951
0.25282
0.107574
0.4277
0.989935
0.764045
0.65264
0.520635
0.120275
0.205435
0.184195
0.15893
0.29564
0.54241
0.977455
0.9475
0.59799
0.37013
0.235525
0.35275
0.41011
0.572175
1.2444
2.2701
2.06995
3.02235
3.83675
2.0856
1.2656
0.101628
0.550805
0.427435
0.39016
0.188215
0.18939
0.159525
0.613895
2.93415
2.49055
2.43445
2.2734
1.3169
0.905185
0.85554
0.109288
0.338925
0.480745
0.401405
0.217005
1.1174
0.0336705
0.0415205
0.14762
0.13375
0.311937
0.44185
0.19461
0.0601385
0.0469715
0.042435
0.0487105
0.28111
0.184338
0.066941
0.5317
0.563735
0.509735
1.47024
1.8877
1.34055
1.8476
3.09535
1.93675
0.805895
0.39904
0.022081
0.282055
0.122947
1.3511
1.56505
0.697945
0.48736
0.085348
0.11436
0.23715
0.64133
0.74494
0.41467
0.35625
0.161855
1.9735
1.41928
2.75075
0.73945
0.678725
0.322475
0.0545495
0.0887345
0.951925
1.1355
0.956115
0.811175
0.602625
0.370405
0.34672
0.63854
0.800665
0.87197
1.03686
0.380995
0.0036326
0.340465
1.0282
0.96135
1.17815
0.84765
0.6748
0.798745
0.984005
1.3665
1.41125
1.8397
2.20255
1.1597
0.804565
0.23989
0.32024
0.298125
0.309475
0.070095
0.22133
0.47317
0.744795
0.325315
0.198955
0.30417
0.337595
0.35634
0.097596
0.66431
0.16675
0.080516
0.1544
0.087191
0.12566
0.24897
0.020307
0.48179
0.53912
0.45541
0.5281
0.076016
0.092976
0.12323
0.06566
0.039415
0.17622
0.087128
1.3288
1.4167
1.239
1.3812
0.69241
0.36018
0.16529
0.1686
0.20381
0.19625
0.84862
0.58194
0.93412
1.1538
0.80357
1.3212
1.6776
0.99624
1.1056
0.68932
0.75266
0.73349
0.54607
0.272
0.51882
0.36316
0.28599
0.53034
0.76047
0.85612
0.89675
0.99857
0.65103
0.19415
0.42562
0.46603
0.3095
0.60572
0.084965
1.98467
1.38109
0.99439
0.351428
0.102711
0.11284
0.139448
0.061249
0.550335
0.378765
0.383485
2.06249
0.46481
0.818209
0.145435
0.038853
0.0181636
0.173455
0.10741
0.0107115
0.19958
0.196065
0.13547
0.091509
0.032342
0.18185
0.053665
6.1186
1.9961
5
0.56966
0.83747
0.41195
1.1327
0.69219
0.61759
0.79126
0.72267
0.67579
0.38968
1.1344
0.62826
0.63115
0.54641
0.62674
0.28675
0.56701
0.66817
0.55903
0.30494
1.4962
0.99815
0.89231
0.80865
0.7933
0.39941
0.090315
2.85615
1.61208
0.99337
0.68473
0.49269
0.44139
0.0154
1.63001
1.36652
1.34699
0.712535
0.351923
0.199793
0.602183
0.858457
0.0186919
0.388057
0.868597
1.29322
0.820653
2.27992
1.99703
0.79358
0.575023
0.340957
0.233819
0.60931
0.973693
1.56058
1.1888
1.02209
0.993557
0.467333
0.45903
1.11855
0.73032
0.33045
0.41433
0.437195
1.22457
1.4233
1.26945
1.10732
0.513655
3.0631
0.805925
0.237225
1.4517
0.724335
0.21327
0.027049
0.0598645
0.030775
0.08382
0.083089
0.200845
0.210905
0.102829
0.110165
0.14915
0.292565
0.0901525
0.046711
0.024835
0.158955
1.08334
0.27988
0.195795
0.137055
0.0597455
0.055746
0.23122
0.660155
0.126212
0.110991
0.180545
0.0440305
0.0772255
0.12273
0.0526415
0.342935
0.074166
0.18089
0.178675
0.18212
0.110615
0.082212
0.120569
0.084667
0.181885
0.403835
0.17413
1.7022
0.989785
1.37815
1.77855
0.560155
0.0565255
0.090358
0.0857305
0.089701
0.037958
0.0758625
0.577035
0.34684
0.47972
0.215745
0.721075
0.535115
0.180911
0
0.734425
0.494775
0.25408
0.94859
1.73232
2.34715
1.83481
2.32175
1.77964
2.38715
2.2463
1.31323
0.77395
0.592285
1.02791
0.8855
0.488515
0.276775
0.687665
0.40254
1.73
1.32
1.5462
1.5704
0.560705
0.264245
0.44375
1.759
1.91837
1.94055
0.706615
0.86727
0.62311
0.205086
0.96716
2.0553
1.26761
0.040715
0.146948
0.095971
0.906715
1.29815
0.722635
0.62011
0.0034755
0.159805
0.0214315
0.839295
1.0011
0.907325
0.621425
0.26998
0.108134
0.653405
0.321265
0.29321
0.233275
0.191325
0.093031
0.022519
2.2278
2.9828
0.29921
0.085815
0.21915
0.52133
0.49233
1.0176
0.58014
1.8173
1.7803
0.42806
0.37221
0.32837
0.30158
5
0.44029
0.44009
0.3019
0.0395785
0
0.06964
0.23026
0.12202
0.70629
1.3895
1.10247
0.506774
0.61696
0.87496
0
0.09922
0.086985
0
0.059051
0.45992
0.055345
1.424
4.176
7.4187
0.95895
0
0.21951
0.18975
0.14816
0.11712
0.058146
0.8175
3.5609
2.6626
3.0074
2.5105
0.91718
0.59833
0.4553
0.1199
0.258
1.4555
1.4892
0.83003
0.63685
0.052113
1.2952
0.98525
0.55108
0.25146
0
0.81629
1.1249
0.066263
0.17856
0.17076
1.2078
2.2131
1.8898
0.55493
0.15485
0.64713
0.7519
0.72108
0.23422
0.08581
0.95726
0.44773
0.12123
0.081379
0.5234
0.65087
0.20642
0.42473
0.07881
0.46223
0.52969
0.47233
0.08792
0.090934
0.029654
0.060739
0.089085
0.030171
0.099644
0.48031
0.4032
0.46849
0.067276
0.011065
0.015661
0.012772
0.0025429
0.0081319
0.036149
0.26117
0.081635
0.01399
0.24698
0.75023
0.60989
0
0.59534
0.28677
0.35342
1.0842
0.3457
0.077516
0.50338
0.53741
0.0969
0.0095811
0.0033337
0.63844
0.35627
0.36415
0.42115
0.41563
0.51397
0
0.64658
1.0646
0.89522
0.83325
1.2002
1.4111
0.99194
0.83938
0.71391
0.18772
0.0054606
0.63192
0.46719
0.29136
0.30015
0.0021885
3.089
2.1399
2.1273
0.96355
0.31074
1.0447
0.38117
1.0616
0.63883
0.82578
1.1247
0.97181
1.0406
0.9614
0.55821
0.09609
2.9808
1.7862
2.6016
3.6034
2.0396
1.7095
0.81527
0.82061
0.83621
1.1092
0.89681
0.32391
0.24484
0.22741
0.34793
