47		
69		
63		
55		
152		
88		
60		
64		
151		
31		
59		
76		
81		
75		
58		
30		
78		
141		
77		
101		
45		
62		
87		
85		
2		
23		
108		
147		
13		
40		
57		
67		
1		
110		
107		
99		
92		
52		
17		
35		
94		
93		
97		
25		
121		
130		
136		
21		
68		
129		
43		
5		
66		
102		
56		
82		
96		
112		
61		
33		
65		
70		
41		
34		
38		
4		
24		
18		
134		
29		
50		
37		
7		
148		
72		
139		
120		
126		
11		
113		
14		
